10
100 17 20 7
-16 -20 -8 -8 -16 -6 -9 0 0 -16 -19 -14 -13 -15 -4 -9 -3 -15 -6 -17 -12 -20 -5 -11 -4 -13 0 -14 -1 -11 -7 -19 -14 -11 -2 -7 -1 -4 -4 -11 -5 -10 -17 -3 -20 -6 -14 -5 -7 -11 -14 -12 0 -12 -14 -4 -12 -10 -3 -14 -19 -14 -11 -20 -3 -19 -9 -8 -17 -7 -7 -16 -14 -1 -8 -9 -20 -11 0 -10 -12 -3 0 -20 -5 -19 -1 -7 -4 -5 -2 -4 -13 -4 -16 -16 -5 -9 -8 0
0 1 1 0 1 1 1 0 1 1 1 1 0 0 0 0 0 1 1 1 1 0 0 0 1 0 1 1 0 1 1 0 0 0 1 0 0 1 0 0 0 0 1 0 0 0 0 0 1 0 0 1 0 0 0 0 0 0 1 0 0 0 0 0 0 0 0 0 0 0 1 0 0 0 1 0 1 1 1 0 0 0 0 0 0 0 1 0 0 0 0 0 0 0 0 0 1 0 1 0
52 36 0
41 2 -11
32 6 -19
65 64 -19
53 48 -19
38 22 -17
89 86 -2
70 2 -5
2 1 -10
98 57 -11
86 40 -10
22 9 -7
39 5 -2
13 10 0
78 43 -16
87 47 -12
34 13 -12
100 58 20 4
-6 -2 -6 -8 -18 0 -2 -2 -9 -1 -4 -9 -14 -11 -19 -12 -7 -19 -6 -17 -5 -20 -9 -1 -5 -18 -4 -14 -5 -2 0 -3 -4 -2 -5 -16 -16 -14 -16 -13 -16 -12 -1 -8 -18 -14 -15 -10 -18 -16 -11 -16 -2 -1 -2 -17 -6 -8 -11 -19 -18 -18 -9 -20 -4 -17 -5 -11 -15 -7 -9 -2 -1 -5 -13 -10 -14 -4 -19 -13 -17 -14 -20 -11 -2 -15 -10 -17 -11 -4 -9 -11 -14 -3 -17 -15 -4 -12 -11 -11
1 1 1 1 1 1 1 1 1 0 1 1 1 1 1 1 1 1 1 1 1 1 1 1 1 1 1 1 1 1 1 1 1 1 1 1 1 0 1 0 1 1 1 0 1 0 1 1 1 1 1 1 1 1 1 1 1 1 1 1 0 1 1 1 1 1 1 1 1 0 1 1 1 1 1 1 1 1 1 1 1 1 1 1 1 1 1 1 1 1 1 1 1 0 1 1 1 1 1 1
95 4 -18
48 26 -17
77 58 -8
62 1 -10
3 2 -18
14 12 0
51 7 -18
21 13 -6
56 30 -4
76 27 0
43 3 -14
53 42 -16
20 8 -18
82 15 -4
64 39 -17
78 71 -15
40 39 -7
74 19 -10
72 31 -12
99 21 -15
5 1 -19
49 13 -3
55 23 -20
50 44 -11
92 54 -6
88 52 -9
84 9 -16
4 3 -1
63 46 -12
42 21 -12
44 28 -1
46 39 -8
15 9 -8
36 28 -15
38 29 -6
6 1 -19
75 49 -3
52 32 -5
17 4 -5
70 24 -9
7 5 -10
60 24 -10
27 16 -14
22 8 -1
98 71 -7
85 43 0
90 17 -13
30 8 -15
73 52 -4
37 32 -9
2 1 -9
94 21 -8
31 11 -5
81 5 -10
57 40 -18
86 72 -15
58 51 -13
13 5 -11
100 2 20 2
-5 -8 -10 -2 -10 -1 -2 -15 -5 -6 -17 -15 -2 -1 0 -13 -16 -18 -17 -2 -12 -12 -5 -1 -10 -20 -17 -2 -15 -14 -1 -8 -20 -19 -16 -7 -10 -7 -16 -12 -9 -20 -16 -15 -14 -4 -15 -15 -18 -17 -13 -2 -16 -17 -14 -3 -7 -4 -6 -19 -12 -8 -13 -5 -10 -16 -15 -17 -20 -2 -1 -18 0 -10 -14 -15 -13 -11 0 -5 -20 -8 0 -17 -1 -19 -7 -16 -1 -7 -18 -3 -15 -5 -6 -20 -13 -12 -4 -18
1 1 1 1 1 0 1 1 0 1 1 1 0 1 1 1 1 0 1 1 1 0 1 1 1 1 1 1 1 0 1 1 1 1 1 0 1 1 1 0 1 1 1 1 1 1 1 1 1 1 0 1 1 0 0 1 1 1 1 1 1 1 0 1 0 1 1 1 1 1 1 1 1 1 1 1 1 1 1 1 0 1 0 1 1 1 1 1 0 1 1 1 1 1 1 1 1 1 1 1
8 6 -8
31 10 -15
100 64 20 0
-15 -12 -20 -3 -5 -4 -11 -12 -20 -13 -2 -11 -4 -9 -18 -18 -9 -9 -6 -1 -5 -8 -17 -4 -18 -12 -8 -2 -14 -15 -9 -14 -4 -20 -17 -16 -5 -20 -14 -18 -4 -15 -3 -9 -17 -9 -7 -15 -20 -16 -12 -8 0 -6 -6 -8 -19 -17 -1 -8 -1 -9 -9 -10 -15 -14 -5 -17 -7 -20 -6 -16 -18 -5 -15 -14 -12 -16 -18 -6 -19 -20 -8 -7 -10 -12 -5 -13 -6 -7 -7 -1 -20 -12 -13 -8 -1 -6 -18 -4
0 0 0 1 0 0 1 0 1 0 0 0 1 0 1 1 0 1 0 0 0 1 0 1 1 1 0 1 0 1 1 0 0 0 0 1 0 0 0 1 0 0 0 0 1 1 0 0 1 1 1 0 0 0 1 1 0 1 0 0 0 1 1 0 0 1 0 0 0 0 0 1 0 0 0 0 0 0 0 0 0 1 0 1 1 0 0 0 0 1 0 0 1 0 0 0 1 0 0 0
49 31 -15
39 12 -15
98 45 -6
11 3 -18
72 69 0
44 24 -20
25 12 -13
10 2 -7
2 1 -12
34 19 -7
89 49 -13
85 9 -5
69 62 -8
4 2 -11
61 31 -15
71 47 -1
46 12 -16
47 14 -17
59 13 -8
7 6 -7
75 5 -9
27 13 -8
32 1 -3
14 1 -18
24 10 -3
42 9 -15
41 15 -13
62 52 -15
15 11 -12
17 6 -9
20 8 -1
100 72 -9
86 39 -19
36 11 -3
40 14 -13
96 7 -10
6 1 -8
80 79 -16
23 10 -15
97 67 -2
63 53 -18
45 40 -5
58 34 -12
37 23 -16
53 1 -7
65 27 -15
43 23 -6
50 14 -8
99 83 -10
16 7 -16
67 27 -10
33 23 -2
51 35 -16
26 11 -7
8 7 -5
57 56 -13
77 40 -17
87 49 -5
28 11 -15
91 55 -2
94 51 -6
55 5 -5
79 21 -8
70 25 -16
100 70 20 3
-15 -12 -13 -19 -10 -5 -12 -12 -9 -3 -18 -3 -4 -5 -12 -3 -18 -14 -3 -15 -4 -11 -10 -19 -20 -18 -17 -6 -11 -5 -4 -11 -8 -1 -14 -8 -8 -19 -17 -11 -12 -17 -11 -3 -13 -3 -17 -5 -16 0 -11 -10 -6 -11 -11 -12 -1 -10 -8 -18 -9 -20 -18 0 -20 -1 -11 -8 0 -11 -17 -3 -17 -4 -15 -6 -14 -16 -7 -11 -6 -15 -15 -12 -14 -19 -19 -7 -7 -2 -1 -8 -14 -1 -6 -15 -1 -8 -19 -14
0 1 1 0 1 0 0 1 1 1 1 1 1 0 1 1 1 1 1 0 1 1 1 1 1 0 1 1 0 0 1 1 1 1 1 0 0 1 1 1 1 1 0 0 1 1 0 1 1 1 0 1 0 1 1 1 1 1 1 1 1 1 0 1 0 1 1 1 1 0 1 0 1 0 1 0 1 0 1 0 1 0 1 0 1 1 1 1 1 1 1 1 1 1 1 1 1 1 0 1
34 15 -17
74 57 -5
85 65 -1
48 44 -9
80 45 -6
38 31 -11
44 24 -6
59 9 -14
12 3 -1
57 36 -16
81 20 -14
6 5 -5
58 22 0
8 3 -6
19 12 -17
13 12 -3
21 14 -20
98 50 -1
14 8 -20
69 44 -6
90 87 -6
25 2 -7
5 1 -16
95 66 -2
46 21 -16
99 21 -9
54 36 -11
78 10 -9
23 11 -19
29 1 -6
10 1 -5
93 77 -19
28 1 -20
45 11 -14
42 10 -6
36 15 -15
47 18 -16
77 30 -3
4 3 -18
88 29 -15
62 12 -6
73 21 -15
40 22 0
37 32 -16
79 9 -4
50 1 -11
83 40 -18
86 7 -5
56 43 -8
17 6 -13
60 41 -4
26 8 -18
72 54 -11
41 2 -8
9 7 -9
65 22 -16
15 8 -8
82 50 -13
7 1 -19
97 79 -10
68 34 -16
66 30 -9
61 16 -10
39 1 -15
87 10 -8
94 77 -17
76 49 -4
33 18 -19
18 17 -15
71 69 -13
100 79 20 1
-17 -12 -9 -8 -20 -12 -1 -6 -17 -2 -6 -12 -5 -3 -5 -2 -17 -5 -20 -17 -9 -2 -11 -19 -4 -4 -6 -2 -7 -10 -13 -5 -4 -3 -20 0 -8 -2 -15 -16 0 -12 -19 -8 -6 -1 -16 -15 -4 -5 -15 -2 -5 -14 -20 -12 -2 -6 -16 -5 -16 -12 -18 -7 0 -8 -3 -6 -10 -20 -17 -20 -7 -10 0 -13 -5 -3 -15 -17 -5 -7 -3 -17 -17 -10 -15 -15 -10 -13 -9 -6 -9 -1 -16 -16 -18 -18 -9 -11
1 1 1 1 1 1 1 1 1 1 1 1 1 0 1 1 0 1 0 1 1 1 1 1 1 0 1 1 1 1 1 1 1 1 1 1 1 0 1 1 1 1 1 1 1 1 1 1 1 1 1 1 1 0 1 1 1 1 1 1 1 1 1 1 1 1 1 1 1 1 1 1 1 1 1 1 1 1 1 1 1 1 1 1 1 1 1 1 1 1 1 1 1 1 1 1 1 1 1 1
78 49 -16
53 36 -4
16 12 -20
14 10 0
61 2 -12
32 25 -7
81 48 -14
28 13 -6
8 7 -20
67 10 -18
89 8 -8
94 34 -4
13 2 -20
44 32 -18
27 20 -18
2 1 -5
56 22 -11
62 16 -4
19 8 -19
100 99 -10
50 49 -6
35 9 -8
71 68 -18
47 15 -14
73 7 -17
98 30 -3
7 2 -1
20 7 -11
48 1 -9
77 11 -4
6 3 -3
55 25 0
36 9 -17
63 8 -20
75 35 -12
18 6 -4
3 2 -14
38 20 -12
80 79 -1
23 6 -17
37 23 -14
91 66 -18
66 36 -8
25 21 -14
95 72 -17
45 28 -3
84 8 0
83 58 -6
68 62 -19
29 23 -20
86 61 -14
70 22 -12
65 27 -16
69 58 -12
43 23 -17
52 4 -17
41 13 -19
30 22 0
60 33 -3
21 12 -12
39 25 -9
12 4 -15
82 38 -19
11 5 -8
49 11 -8
85 38 -10
93 66 -11
15 7 -1
5 3 -7
26 6 -7
10 2 -10
34 19 -14
87 17 -11
57 10 -1
99 3 -10
88 66 0
90 6 -6
31 18 -9
22 13 -16
100 20 20 9
-5 -17 -15 -6 -18 -6 0 -9 -16 -8 -14 -4 -18 -6 -11 -9 -9 -16 -13 -20 -8 -5 -3 -8 -15 -19 -2 -15 -10 -10 0 -1 -8 -20 -6 -4 -19 -5 -8 -13 -16 -4 -17 -20 -8 -9 -17 -8 0 -20 -9 -1 -2 0 -10 -15 -14 -5 -9 -18 -2 -17 -1 -16 -6 0 -4 0 -3 0 -12 -10 -2 -15 -4 -7 -12 -7 -8 0 -11 -1 -6 -15 0 -9 -11 -2 -8 -8 -3 -19 -10 -7 -7 -19 -13 -8 -19 -12
0 0 0 1 1 1 1 1 1 1 0 0 1 1 0 0 0 1 0 0 0 0 1 0 0 1 0 1 0 1 0 1 0 0 1 0 0 1 0 1 1 0 1 1 1 0 0 0 1 0 0 0 1 0 1 1 1 1 1 1 0 0 1 1 1 0 0 1 0 0 0 0 0 0 0 1 0 1 1 0 1 0 0 0 0 0 1 0 0 1 0 0 0 0 1 0 0 0 0 1
82 67 -20
38 27 -18
58 31 -11
88 52 -18
4 3 -7
84 10 -13
30 26 -20
26 14 -14
76 53 -10
11 7 -9
65 31 -12
99 54 -11
71 67 -8
96 44 -9
32 10 -19
100 74 -1
72 2 -8
83 37 -16
61 58 -16
45 27 -8
100 14 20 5
-20 0 -7 -14 -15 -2 -8 -13 -10 -15 -11 -10 -6 -11 -11 -17 -12 0 -3 -12 -15 -5 -16 -8 -18 -14 -19 -6 -6 -15 -5 -10 -8 -20 -10 -15 -3 0 -16 -18 -8 -20 -16 -18 -18 -1 -2 -1 -4 -15 -9 0 -2 -9 -9 -9 -14 -2 -16 -14 0 -1 -3 -14 -18 -17 -15 -11 -16 -3 -11 -14 -13 -17 0 -12 -16 -9 -18 -13 0 -10 -20 -1 -11 -3 -3 -9 -5 -15 -8 -7 -20 -12 -9 -18 -14 -12 -13 -4
0 1 1 1 0 1 1 1 1 0 1 1 1 1 1 1 1 1 1 0 0 0 1 1 1 0 0 1 1 0 1 1 1 1 1 1 1 1 1 1 0 0 0 0 0 0 0 0 0 0 0 1 1 0 0 1 1 1 0 1 1 0 1 0 1 1 1 1 1 1 0 1 1 0 1 1 1 1 0 1 0 0 1 1 1 1 0 1 0 1 1 0 1 1 1 1 1 0 0 1
23 18 -17
96 23 -18
73 36 -19
74 44 -17
97 83 0
36 32 -20
7 4 -4
94 55 -7
90 63 -13
37 12 0
83 39 -6
60 45 -13
4 3 -18
48 15 -7
100 69 20 7
-11 -16 -17 -17 -6 -15 -20 -8 -12 -4 -20 -15 -13 0 -13 -16 -3 -17 -19 -19 -5 -5 -9 -7 -18 -4 -15 -18 -14 -15 -6 -15 -10 -16 -17 -13 -1 -1 -4 -7 -16 -5 -9 0 0 -17 -2 -18 -1 -1 -17 -6 -20 -3 -17 -1 -13 -14 -12 -2 -7 -15 -15 -2 -1 -16 -11 0 -7 -2 -5 -5 -9 -12 -19 -15 -8 -15 -16 -5 -3 -5 0 -13 -17 0 -14 -2 -3 -15 -16 -10 0 -5 0 -12 -6 0 -18 -20
1 0 0 1 0 0 0 0 0 0 1 0 0 0 1 0 0 0 1 1 0 1 0 1 0 1 0 1 0 1 1 1 0 0 1 0 1 0 0 0 0 0 0 1 0 0 1 0 0 1 1 0 1 1 0 1 0 1 0 0 0 0 0 1 1 1 0 0 1 1 1 0 0 0 1 1 0 0 0 0 1 0 1 1 0 1 1 1 0 0 1 1 0 0 1 1 1 0 1 0
83 61 -4
33 5 -13
47 41 -8
6 1 -1
4 3 -14
75 69 -7
37 32 -10
38 32 -8
99 58 -3
57 27 -15
39 10 -7
35 4 -20
58 23 -5
69 24 -19
41 26 -8
87 82 -1
81 14 -17
45 14 0
100 55 -7
18 10 -14
11 6 -3
51 18 -13
43 31 -10
96 33 -13
91 62 -15
3 1 -8
59 53 -10
32 25 -17
67 21 -12
42 2 -4
76 48 -13
29 3 -10
65 48 -9
48 47 0
53 33 -2
63 10 -13
13 4 -8
25 8 -18
27 8 -17
62 10 -4
24 6 -8
12 11 -11
10 6 -13
8 4 -16
50 17 -3
78 35 -10
86 78 -3
5 4 -7
46 36 -4
16 10 -7
77 74 -16
31 2 -19
66 1 -8
90 58 -16
9 2 -18
20 7 -13
28 14 -13
15 2 -11
56 22 -13
23 5 -16
17 4 -15
49 17 -19
68 44 -4
98 95 -5
71 52 -20
92 80 -10
70 21 -16
97 89 -1
2 1 -11
100 11 20 3
-16 -6 -13 -13 -18 -14 -19 -5 0 0 -18 -17 -9 -17 -4 -20 -3 0 -17 -7 -17 -4 -13 -19 -17 -10 -5 -2 -7 -16 -15 -9 -5 -7 -13 -11 -13 -8 -13 -5 -3 -12 -8 -8 -6 -20 -4 -6 -15 -14 -8 -11 -20 -19 -1 -1 -19 -6 -17 -3 -6 -4 -19 -13 -8 -14 -18 -6 -12 -11 -4 -8 -1 -8 -17 -19 -4 -9 -2 -6 -14 0 0 -15 -17 -10 -2 -14 -10 -7 -14 -17 -3 0 0 -10 0 0 -13 -18
1 1 0 0 1 1 1 1 1 1 1 1 0 1 0 1 1 0 0 1 1 1 0 1 1 0 1 1 1 1 0 1 1 1 1 1 0 1 1 1 1 1 1 1 1 1 1 1 0 1 1 1 1 0 1 1 1 1 1 1 1 1 1 0 1 1 1 1 1 0 0 0 1 1 1 1 1 1 1 1 1 1 1 1 1 1 1 0 1 1 0 1 0 0 0 1 0 1 1 1
70 51 -3
73 38 -15
61 38 -11
34 4 -6
47 3 -7
46 35 -10
22 13 -4
13 8 -18
30 29 -3
60 33 -6
19 18 -3
