1
200 158 142 21
-1000000000 -1000000000 -1000000000 -1000000000 -1000000000 -1000000000 -1000000000 -1000000000 -1000000000 -1000000000 -1000000000 -1000000000 -1000000000 -1000000000 -1000000000 -1000000000 -1000000000 -1000000000 -1000000000 -1000000000 -1000000000 -1000000000 -1000000000 -1000000000 -1000000000 -1000000000 -1000000000 -1000000000 -1000000000 -1000000000 -1000000000 -1000000000 -1000000000 -1000000000 -1000000000 -1000000000 -1000000000 -1000000000 -1000000000 -1000000000 -1000000000 -1000000000 -1000000000 -1000000000 -1000000000 -1000000000 -1000000000 -1000000000 -1000000000 -1000000000 -1000000000 -1000000000 -1000000000 -1000000000 -1000000000 -1000000000 -1000000000 -1000000000 -1000000000 -1000000000 -1000000000 -1000000000 -1000000000 -1000000000 -1000000000 -1000000000 -1000000000 -1000000000 -1000000000 -1000000000 -1000000000 -1000000000 -1000000000 -1000000000 -1000000000 -1000000000 -1000000000 -1000000000 -1000000000 -1000000000 -1000000000 -1000000000 -1000000000 -1000000000 -1000000000 -1000000000 -1000000000 -1000000000 -1000000000 -1000000000 -1000000000 -1000000000 -1000000000 -1000000000 -1000000000 -1000000000 -1000000000 -1000000000 -1000000000 -1000000000 -1000000000 -1000000000 -1000000000 -1000000000 -1000000000 -1000000000 -1000000000 -1000000000 -1000000000 -1000000000 -1000000000 -1000000000 -1000000000 -1000000000 -1000000000 -1000000000 -1000000000 -1000000000 -1000000000 -1000000000 -1000000000 -1000000000 -1000000000 -1000000000 -1000000000 -1000000000 -1000000000 -1000000000 -1000000000 -1000000000 -1000000000 -1000000000 -1000000000 -1000000000 -1000000000 -1000000000 -1000000000 -1000000000 -1000000000 -1000000000 -1000000000 -1000000000 -1000000000 -1000000000 -1000000000 -1000000000 -1000000000 -1000000000 -1000000000 -1000000000 -1000000000 -1000000000 -1000000000 -1000000000 -1000000000 -1000000000 -1000000000 -1000000000 -1000000000 -1000000000 -1000000000 -1000000000 -1000000000 -1000000000 -1000000000 -1000000000 -1000000000 -1000000000 -1000000000 -1000000000 -1000000000 -1000000000 -1000000000 -1000000000 -1000000000 -1000000000 -1000000000 -1000000000 -1000000000 -1000000000 -1000000000 -1000000000 -1000000000 -1000000000 -1000000000 -1000000000 -1000000000 -1000000000 -1000000000 -1000000000 -1000000000 -1000000000 -1000000000 -1000000000 -1000000000 -1000000000 -1000000000 -1000000000 -1000000000 -1000000000
0 0 0 0 0 0 1 0 0 1 0 0 0 0 0 0 0 0 1 1 1 0 0 0 1 0 0 1 1 0 0 0 0 0 0 0 0 0 0 0 0 0 0 1 0 0 0 0 0 0 0 1 0 1 0 0 0 0 0 0 0 0 0 0 0 0 0 0 0 0 0 0 0 0 0 0 0 0 1 0 0 0 0 0 0 0 0 0 0 0 0 0 0 0 0 0 1 0 0 0 0 0 0 0 0 0 0 0 1 0 0 0 0 0 0 0 1 0 0 0 0 0 0 0 0 0 0 0 0 0 0 0 0 0 0 0 0 0 1 0 1 0 0 1 0 0 0 1 0 0 0 0 0 0 0 0 0 0 0 0 0 0 0 0 0 0 0 0 0 0 0 0 0 0 0 0 0 0 0 0 0 1 0 0 0 0 0 0 0 0 0 0 0 0 0 0 0 0 0 1
6 16 -1000000000
13 25 -1000000000
51 81 -1000000000
155 182 -1000000000
103 125 -1000000000
44 92 -1000000000
94 99 -1000000000
41 131 -1000000000
6 18 -1000000000
72 116 -1000000000
87 133 -1000000000
15 181 -1000000000
17 59 -1000000000
84 112 -1000000000
63 90 -1000000000
147 186 -1000000000
3 19 -1000000000
82 146 -1000000000
52 53 -1000000000
85 95 -1000000000
2 171 -1000000000
10 57 -1000000000
35 39 -1000000000
102 107 -1000000000
3 21 -1000000000
111 137 -1000000000
61 158 -1000000000
63 149 -1000000000
97 101 -1000000000
46 70 -1000000000
51 80 -1000000000
49 160 -1000000000
108 122 -1000000000
26 132 -1000000000
90 148 -1000000000
61 117 -1000000000
13 87 -1000000000
71 94 -1000000000
34 130 -1000000000
28 104 -1000000000
57 128 -1000000000
24 69 -1000000000
89 161 -1000000000
112 147 -1000000000
116 156 -1000000000
14 17 -1000000000
46 68 -1000000000
14 28 -1000000000
91 121 -1000000000
118 189 -1000000000
10 42 -1000000000
143 184 -1000000000
39 105 -1000000000
17 62 -1000000000
28 177 -1000000000
27 167 -1000000000
8 29 -1000000000
4 15 -1000000000
3 7 -1000000000
29 63 -1000000000
183 188 -1000000000
17 41 -1000000000
39 196 -1000000000
7 143 -1000000000
89 103 -1000000000
87 113 -1000000000
1 6 -1000000000
128 142 -1000000000
36 100 -1000000000
2 192 -1000000000
11 13 -1000000000
14 78 -1000000000
18 64 -1000000000
5 11 -1000000000
1 5 -1000000000
48 102 -1000000000
54 60 -1000000000
34 179 -1000000000
141 185 -1000000000
8 23 -1000000000
87 155 -1000000000
18 27 -1000000000
25 32 -1000000000
29 38 -1000000000
131 175 -1000000000
26 86 -1000000000
54 82 -1000000000
41 61 -1000000000
29 37 -1000000000
107 124 -1000000000
39 47 -1000000000
112 198 -1000000000
11 55 -1000000000
10 30 -1000000000
17 50 -1000000000
1 46 -1000000000
8 108 -1000000000
82 135 -1000000000
58 144 -1000000000
72 114 -1000000000
25 54 -1000000000
152 168 -1000000000
6 8 -1000000000
18 22 -1000000000
126 159 -1000000000
149 163 -1000000000
56 85 -1000000000
97 162 -1000000000
35 43 -1000000000
1 10 -1000000000
5 12 -1000000000
62 119 -1000000000
67 83 -1000000000
64 98 -1000000000
58 153 -1000000000
27 67 -1000000000
49 115 -1000000000
81 109 -1000000000
117 134 -1000000000
189 191 -1000000000
8 9 -1000000000
2 40 -1000000000
108 123 -1000000000
14 48 -1000000000
70 199 -1000000000
74 141 -1000000000
12 24 -1000000000
48 72 -1000000000
148 166 -1000000000
2 4 -1000000000
84 197 -1000000000
27 51 -1000000000
110 194 -1000000000
45 49 -1000000000
95 145 -1000000000
26 84 -1000000000
37 151 -1000000000
2 3 -1000000000
128 178 -1000000000
59 65 -1000000000
36 106 -1000000000
40 91 -1000000000
128 154 -1000000000
76 180 -1000000000
30 140 -1000000000
46 56 -1000000000
26 58 -1000000000
95 165 -1000000000
55 139 -1000000000
80 96 -1000000000
52 71 -1000000000
10 138 -1000000000
91 152 -1000000000
33 34 -1000000000
9 26 -1000000000
1 2 -1000000000
67 118 -1000000000
166 187 -1000000000
