1
60 59 30 10
-573913227 -160260768 -716913437 -776981895 -87943434 -962933834 -994631432 -800498881 -885919412 -554220623 -168451586 -91890060 -884463864 -923867595 -678697943 -898580758 -799501706 -15093062 -381880377 -327003720 -347049578 -632199368 -498428749 -934504760 -777900491 -877276469 -785411713 -177238293 -804390307 -640742147 -812790290 -826464863 -581119402 -713710168 -98284049 -745630982 -708888812 -641402929 -423061426 -834823304 -232933647 -883472593 -875196799 -796906915 -388782353 -902976515 -291428901 -61768586 -285591956 -645649191 -427762298 -128636071 -919019074 -782579623 -275401494 -897253850 -762447454 -700032834 -557423150 -359928304
1 1 0 0 1 1 1 1 1 1 1 1 0 0 1 1 0 1 1 0 0 1 0 0 0 1 1 1 0 1 0 1 0 1 0 0 1 0 1 1 1 0 0 0 0 0 0 0 0 1 0 1 0 1 1 0 0 0 1 0
32 33 -73248978
6 7 -532564234
3 4 -744786266
54 55 -878834597
58 59 -148412285
40 41 -425098392
7 8 -903935453
46 47 -535535816
4 5 -134699124
56 57 -968729339
45 46 -845571374
1 2 -934112876
51 52 -483126848
42 43 -175472499
16 17 -330042238
36 37 -552122574
35 36 -570573723
38 39 -887444464
33 34 -72652389
41 42 -769779082
18 19 -274367726
31 32 -140699074
2 3 -265145006
20 21 -298099597
49 50 -178979261
25 26 -508889585
37 38 -284402850
24 25 -783692028
29 30 -204077106
8 9 -264077956
50 51 -817663302
48 49 -455724772
22 23 -201183150
17 18 -751891175
47 48 -860130399
13 14 -301802614
11 12 -354197529
30 31 -262640079
43 44 -223603458
57 58 -872602277
55 56 -762507484
59 60 -261238102
15 16 -826470106
28 29 -962906777
53 54 -914508612
26 27 -860720078
5 6 -435222120
14 15 -602166715
44 45 -294173984
12 13 -293057098
21 22 -177704567
23 24 -861019769
9 10 -808908115
10 11 -814996438
19 20 -491706507
27 28 -725993214
34 35 -878739347
39 40 -868895692
52 53 -816609642
