1
70 69 50 20
-217936142 -276462548 -264897789 -22730284 -949624179 -359183380 -482738424 -610887989 -537167266 -523802851 -137560600 -183481677 -715634961 -917103856 -852246257 -53428102 -692393041 -511773662 -506141916 -467008441 -610922949 -276590672 -258771441 -248604883 -52438939 -755166384 -754299099 -605747483 -357767477 -136385245 -612858419 -137558991 -115099410 -453138034 -40610230 -328402379 -924388569 -247676552 -420009154 -484273624 -133162823 -392508964 -705723871 -469306543 -961559477 -753614019 -860173687 -460411559 -631810366 -222003027 -955788731 -884434694 -939198575 -664223317 -484784652 -684824977 -970590862 -285617646 -534107371 -891970918 -591753217 -925168180 -50815214 -737626812 -240463234 -244918181 -279013970 -646386278 -775586948 -653825786
0 1 1 0 0 0 0 0 0 1 1 1 1 0 0 0 1 1 0 0 1 1 1 0 0 0 1 1 1 0 1 0 1 1 1 1 1 0 0 1 0 0 1 1 1 0 0 0 1 0 0 1 0 1 0 0 1 1 1 1 0 0 0 1 0 1 0 0 1 1
1 53 -585925045
1 17 -950359126
1 13 -299868310
1 56 -676218933
1 25 -678665902
1 7 -758751183
1 15 -107928888
1 20 -953181413
1 18 -908387951
1 69 -238793703
1 31 -350866377
1 32 -470449872
1 55 -395679171
1 60 -782065244
1 54 -922516178
1 47 -197335388
1 43 -749162134
1 36 -819935648
1 64 -344051678
1 59 -914242590
1 38 -386519912
1 23 -404410177
1 42 -524240245
1 61 -819758458
1 2 -516768170
1 9 -379663706
1 46 -449504429
1 5 -982559678
1 66 -532274439
1 8 -365752002
1 29 -858977011
1 28 -906225355
1 63 -668915423
1 11 -208446458
1 26 -679967678
1 50 -544917251
1 16 -474351609
1 22 -183417938
1 3 -4109817
1 62 -309697631
1 48 -881497567
1 70 -849108994
1 67 -268495673
1 68 -304223742
1 35 -869561627
1 49 -491039269
1 41 -790441052
1 37 -763148473
1 30 -789512621
1 27 -186217567
1 40 -633485496
1 10 -135320666
1 57 -529269060
1 33 -324202384
1 51 -651509747
1 14 -903464600
1 21 -867944610
1 34 -835439655
1 12 -207858771
1 45 -965057019
1 65 -127066436
1 6 -200504967
1 4 -333575914
1 44 -376996701
1 58 -377820181
1 24 -967525345
1 52 -129870442
1 39 -128563370
1 19 -764165648
