1
80 79 60 0
-227527247 -220424717 -177534654 -735066126 -712526978 -44243384 -682304143 -120876765 -990561740 -113136225 -142528199 -883361923 -226736137 -112758245 -817085327 -456379553 -968849093 -915168477 -864979711 -57223772 -796000203 -411305546 -715058902 -410976307 -896102879 -719200443 -287709025 -885542685 -734079993 -658544018 -47129705 -732134219 -673819853 -62705056 -854388715 -485744251 -544485411 -3555423 -42840436 -496036732 -358930182 -395848394 -510129312 -862510214 -161699853 -434561246 -274385311 -235762172 -549048637 -781815510 -578712155 -96689030 -839254648 -731947092 -93600362 -320571492 -167493595 -811276178 -870382265 -542468532 -719296708 -605519151 -783256440 -365747589 -843608968 -172472172 -42925153 -935019650 -83929912 -70783390 -828876910 -985440905 -276915413 -422071464 -986552213 -42439580 -258669830 -329813020 -72435276 -824442644
1 1 0 1 1 0 0 0 0 0 1 0 0 0 0 1 0 0 0 0 1 1 0 0 0 1 1 1 1 1 1 1 0 0 0 1 0 1 0 0 0 0 1 0 0 1 0 0 1 1 0 0 0 1 1 0 0 1 0 0 1 1 1 0 0 1 0 1 0 1 0 0 0 0 0 1 0 0 0 1
43 61 -319287876
1 15 -883887210
9 76 -519642846
42 56 -723752204
5 16 -348386132
33 38 -631015383
3 9 -618353446
53 69 -635063708
37 57 -410919049
3 5 -967688336
12 22 -114283943
13 26 -701073742
24 43 -758263829
54 77 -797864447
3 10 -640717017
5 72 -911124482
34 63 -84603654
5 42 -459440909
4 50 -475411808
24 25 -833917288
1 7 -415816244
53 64 -412629810
14 74 -209587731
16 44 -94830995
1 18 -188842521
17 32 -125894733
1 46 -868043778
15 19 -40451219
12 52 -850775120
38 71 -93319208
24 73 -176702740
3 30 -584072766
67 75 -447210823
39 48 -851391508
2 3 -267852644
4 11 -144931503
26 62 -177161964
4 12 -955484072
28 29 -827687548
12 13 -271180033
19 24 -541356741
13 59 -367111634
19 41 -252843189
47 65 -1906726
10 36 -576640263
13 60 -511709558
22 49 -806900365
58 70 -741545196
35 39 -748048801
22 35 -812406549
4 6 -910491336
18 31 -472597196
19 28 -355538787
19 78 -694772158
38 79 -128119787
5 17 -737970612
23 27 -285021676
35 47 -842395090
48 53 -182108246
5 8 -955687919
22 68 -237341469
18 66 -550493379
11 34 -769762814
10 20 -605437521
13 21 -203376516
38 80 -494255649
3 4 -839828148
1 67 -524984594
32 58 -584250310
7 55 -292631295
17 23 -99517228
5 14 -37502878
41 54 -849675483
24 37 -362971509
1 2 -765977276
32 51 -272240214
39 45 -30426866
22 40 -140852622
18 33 -603558181
