1
90 89 90 30
-1 -2 -4 -2 -3 -3 -1 -3 -4 -4 -3 -5 -4 -3 -1 -5 -2 -5 0 -2 -2 -4 -4 0 -2 -1 0 -5 -5 -3 -2 -4 -4 -2 -2 -4 -1 -4 -4 -2 0 -3 0 -4 -2 -1 -2 -5 -1 -2 -2 0 0 -3 0 -5 -5 -5 -2 -2 -2 -5 -3 -5 0 -2 -4 -5 0 -3 -2 -3 0 -4 -2 0 -3 -2 -5 -4 0 0 -2 -5 -3 0 -4 -4 -1 -4
1 0 1 0 0 1 1 1 0 0 0 1 1 0 0 1 1 0 1 0 0 0 1 0 1 0 0 0 1 1 0 1 1 1 0 0 0 1 1 0 1 0 1 0 1 0 1 1 0 0 0 0 1 1 0 0 0 0 1 1 0 1 0 1 1 0 1 1 0 0 0 1 0 1 0 1 0 0 1 1 1 0 1 1 1 0 1 1 1 0
7 25 -2
26 88 -1
41 42 -5
7 46 -1
5 14 -5
17 71 -1
2 3 -5
3 10 -3
9 19 -4
18 62 -3
4 11 -2
17 20 -3
10 40 0
22 45 -2
2 44 -1
8 18 -3
58 80 -2
42 56 -3
43 53 -3
15 17 -3
38 39 0
20 54 -3
70 75 -1
45 57 -3
20 31 -4
19 32 0
9 64 -2
4 7 -2
27 28 -5
49 58 -1
8 47 -4
23 59 -3
18 37 -3
5 8 -3
43 52 -2
63 73 -1
28 86 -2
1 68 0
37 84 -1
39 55 -1
32 67 -4
24 90 0
15 48 -5
46 87 -3
45 50 -1
11 23 -5
38 65 0
10 41 -4
9 76 -1
18 33 -4
21 49 -4
15 36 -3
39 85 -5
8 15 -5
24 35 -3
18 34 -1
71 78 -2
7 16 -2
75 77 -4
36 60 -5
11 51 -4
81 83 -3
41 70 -1
62 69 0
3 30 0
74 81 -4
49 79 -1
57 63 -2
35 74 -1
2 26 -1
21 66 -1
1 6 -5
20 72 0
19 61 0
79 82 -5
1 21 -2
13 38 -1
2 4 0
2 27 -3
55 89 -4
13 22 -3
2 5 -1
2 24 -1
10 29 -4
2 12 -1
1 2 -3
9 13 0
8 9 -2
32 43 -4
