1
100 92 70 35
-131759906 -637694217 -883437369 -150841950 -906716763 -772077747 -587268515 -769543442 -983938131 -965955694 -143956311 -928217206 -250008217 -469689335 -245969786 -437604128 -668673015 -438821053 -976551083 -113952880 -464851584 -324589602 -350431829 -902526847 -343863260 -613249205 -655779267 -854932196 -725890296 -669414725 -805709654 -951903979 -687543241 -235792310 -992054520 -276903081 -219621478 -242593247 -975780238 -659447834 -582766743 -75075569 -408676426 -433936498 -61090960 -381521108 -619496325 -538166102 -96117108 -984202314 -696692284 -222231265 -59284751 -422165103 -792829944 -499481545 -155683911 -395098278 -183041295 -154978976 -300111793 -763568480 -251754806 -945024554 -142013574 -50719728 -559014152 -131200340 -318988408 -335066332 -745082968 -606668902 -333871350 -857070242 -877388862 -243106665 -846310422 -513120461 -142742716 -787727008 -128275121 -699940598 -488920165 -835863268 -98602180 -962840944 -146327183 -791894869 -774804781 -248577638 -578991858 -512843251 -411225633 -526700043 -961049455 -833458990 -128110530 -519470630 -300910558 -834499335
0 0 0 1 1 0 0 1 0 1 0 0 0 0 0 0 0 0 1 0 0 1 0 1 1 0 1 0 0 1 1 0 0 0 1 1 0 0 0 0 1 1 0 1 0 1 1 0 0 1 0 0 1 0 0 1 0 0 0 0 1 0 0 0 0 0 0 1 0 0 1 0 1 1 0 0 0 0 1 0 0 0 1 0 0 1 0 1 1 0 1 0 0 0 0 0 1 1 1 0
44 58 -892213786
38 44 -741635074
1 2 -166383682
60 62 -877814365
37 59 -818508630
63 70 -73750007
75 80 -627769470
48 49 -997064758
61 71 -326462915
20 25 -735951271
87 88 -294623474
63 68 -898932568
15 16 -575986281
45 57 -727817313
50 53 -607194218
72 74 -367417712
65 67 -648857291
43 46 -370611819
7 13 -915946794
2 5 -997277238
2 7 -333719424
17 19 -101739037
45 52 -70912426
75 79 -332757964
38 39 -143262613
15 17 -941909471
98 99 -177035458
21 28 -718244965
41 45 -410449997
23 24 -398198521
39 40 -465641211
21 32 -698556313
76 85 -891341699
54 55 -306820154
2 3 -668891035
97 98 -747428460
39 51 -506438946
6 11 -660699227
83 84 -487236974
21 31 -677070846
39 41 -957739828
10 14 -181888361
25 27 -766875196
23 26 -442650336
76 78 -876434612
95 97 -21458309
27 29 -983447877
87 94 -341725485
21 22 -911323281
38 42 -561126757
63 66 -773409285
62 63 -617316477
34 35 -350676623
23 33 -583439452
27 34 -887500214
5 6 -566794248
87 91 -597309650
87 92 -874660658
75 76 -747637885
71 72 -464176150
2 8 -311473242
76 77 -321797793
38 48 -584274254
80 83 -720557825
88 89 -909695996
70 73 -314945034
20 21 -464917666
27 30 -118571723
81 82 -829808201
2 4 -304935450
89 90 -321580381
16 18 -585691428
99 100 -539898602
21 23 -143899996
95 96 -733462701
60 65 -59396591
8 10 -395556547
60 64 -220774467
43 56 -855659264
40 54 -248540938
8 12 -793070882
60 61 -883631956
91 93 -691720078
41 43 -370455590
6 9 -390223347
37 38 -456831981
39 50 -319291349
79 81 -138332417
33 36 -636802531
85 86 -950842890
65 69 -102422360
39 47 -964603974
