1
110 101 80 40
-428027266 -553334224 -393139632 -684705826 -44478368 -15826381 -445535533 -78088126 -316605324 -64183605 -10729335 -253380590 -824625700 -745180762 -424628120 -768512296 -775553101 -430084373 -579699098 -10365375 -709646852 -463326140 -84325788 -680719925 -575232195 -930771011 -284833125 -252061831 -554699829 -87234257 -940614558 -316106476 -561384556 -338223279 -403309318 -236781741 -847221620 -896594724 -1240592 -243328632 -688890876 -298781440 -585276355 -264397027 -402326421 -571015747 -640409827 -445897908 -599393752 -649425743 -703798759 -902626916 -562701078 -988526488 -227899936 -538019157 -71340079 -558072103 -177025 -708775184 -664171426 -230063428 -999059518 -971723139 -417279806 -130780679 -390712667 -253468562 -771392664 -93499449 -172593534 -55886806 -31374175 -434371464 -544017178 -278420828 -915270873 -899359705 -237171998 -967676083 -956201522 -753050897 -528487434 -333235506 -404783770 -246546073 -474159004 -419405648 -657113379 -893228962 -261664937 -124046508 -526509288 -62065007 -239371909 -70682652 -354727473 -835750131 -145077217 -651658150 -815278364 -653147968 -900111696 -952739626 -848474653 -591202252 -265380003 -925348923 -794981372 -326859605
1 1 0 1 1 1 1 0 0 1 0 0 0 1 0 1 1 0 1 1 0 1 1 0 1 1 1 1 0 1 0 1 1 1 1 0 1 1 1 0 1 0 1 0 0 1 0 0 1 0 0 1 1 0 0 1 1 1 0 1 0 1 1 1 1 0 1 0 1 1 1 1 0 0 0 1 0 0 1 1 0 1 1 1 1 1 1 0 1 1 0 1 1 1 0 0 1 1 1 1 0 0 1 1 1 1 1 1 0 1
95 106 -34654223
28 29 -437707161
28 32 -778776802
4 17 -114379337
83 85 -433637570
96 105 -832279900
10 12 -807105160
95 96 -866840566
97 98 -582445833
69 74 -256894505
34 35 -186089067
11 13 -928314090
57 58 -856708327
30 31 -665159091
13 22 -92145083
76 77 -741551754
61 62 -845585587
24 25 -246182080
24 28 -325740462
28 33 -714069757
40 41 -588332038
1 11 -754180925
68 80 -996940276
58 63 -149586120
73 75 -874500182
24 26 -378961908
44 45 -444478270
38 46 -734117907
85 86 -8407357
26 27 -565787835
48 55 -495154651
47 48 -26376381
4 10 -295236748
49 50 -282717814
73 81 -6605410
12 19 -388869134
48 51 -786272256
87 89 -17341426
14 23 -364818931
69 73 -278356243
2 3 -198811537
43 44 -986670229
39 42 -895775837
64 69 -1926087
83 84 -408807122
57 61 -340654220
4 8 -539273383
38 39 -811603322
71 72 -481353742
6 7 -106518762
6 21 -452913883
1 4 -378030158
48 56 -960185687
89 91 -809065370
1 20 -260765533
95 97 -52692610
26 30 -240423424
66 78 -242041499
5 6 -694952437
89 93 -745570147
95 100 -436981918
64 67 -597055275
64 65 -911066083
96 99 -410578796
87 88 -559241992
24 34 -213190000
97 101 -194501258
65 70 -772639547
1 2 -310219071
104 109 -686518948
58 60 -210772303
64 68 -849018957
102 103 -11025187
57 59 -120605815
4 14 -80661913
86 87 -843783498
96 108 -55424888
52 54 -434046522
14 15 -904284191
2 9 -456910270
24 36 -767277827
82 83 -409326637
95 104 -786434912
75 76 -616655832
89 90 -167960
105 107 -872887760
82 94 -786216280
83 92 -86484589
8 16 -989690271
47 49 -961345331
96 102 -433380339
37 38 -675335602
38 43 -199293793
3 5 -614477311
65 66 -31362126
69 79 -707344643
16 18 -394776574
39 40 -886963857
49 53 -173813709
66 71 -532146365
47 52 -291625459
