1
120 117 100 50
-339205046 -914346411 -228228480 -904977659 -521679478 -453881456 -467524469 -694492549 -630493252 -735387934 -896931883 -810622217 -451889995 -510059840 -542067296 -69414437 -299459921 -915889774 -635219733 -671871679 -877254340 -54030021 -68618031 -908757573 -71616131 -723277734 -811546119 -723725034 -266372814 -700720509 -24360651 -883134774 -882564406 -222535766 -251477440 -643987942 -670294210 -742235609 -400123335 -174534324 -295345952 -549445275 -662535842 -894525816 -479424856 -917139513 -791005936 -255880584 -886905515 -220608012 -910291491 -169792028 -652729088 -44996112 -638342801 -986727125 -160709261 -49532203 -887234183 -495933608 -609897049 -669518184 -612973763 -398873027 -920888609 -751759272 -286863770 -731609734 -337186755 -547536542 -405561428 -711718784 -132167113 -379942648 -926563022 -640571596 -723984538 -944229451 -269027864 -783941581 -266587940 -108146291 -773928486 -952846858 -959856490 -57824688 -251894898 -384484347 -919014733 -948582564 -436508209 -199338773 -428204744 -590192139 -944804008 -729274245 -80188822 -351151141 -608169400 -145593072 -373205215 -706268099 -905124062 -495766033 -118088324 -818837308 -65912611 -329156738 -613267069 -308911883 -90366683 -912127405 -869526688 -593136663 -939133813 -690763388 -713751314 -919472927 -896964736 -393241964
1 1 1 0 0 1 1 0 1 0 0 1 1 1 0 0 1 1 0 0 0 0 0 0 1 1 0 0 1 0 0 1 1 1 1 0 0 1 1 1 1 1 1 1 0 0 0 0 1 0 1 1 1 1 0 0 0 0 1 1 0 0 1 0 1 0 1 0 0 1 1 1 0 1 1 0 0 1 0 0 1 1 0 1 1 1 0 0 1 1 0 1 1 1 1 0 0 0 0 1 0 0 1 0 1 1 0 1 0 1 0 0 0 0 1 0 0 0 0 1
25 114 -991713730
16 17 -310964075
1 12 -376766954
3 81 -28464858
11 16 -512894694
32 52 -664407173
1 2 -666581481
76 99 -825211705
21 111 -377727746
5 119 -406167984
15 54 -999834594
18 55 -78135398
86 116 -38397754
64 74 -524072798
51 62 -653215419
1 22 -277649558
11 15 -483417967
40 118 -50184349
8 70 -42844364
27 56 -871788754
7 34 -748180158
65 103 -849153128
3 8 -26927138
27 64 -779638565
8 24 -257454549
99 105 -293913269
24 102 -756414566
31 96 -141751424
16 84 -671888088
82 95 -15947852
6 14 -947115456
43 80 -635073030
7 13 -54537176
12 18 -984458651
34 86 -443134145
51 58 -843490419
59 67 -207460975
17 65 -924108465
93 98 -41184676
48 108 -720462934
3 11 -77760060
22 60 -647244042
15 104 -746982982
6 68 -402202883
36 40 -211588424
18 78 -975765761
10 88 -981376347
105 107 -691800017
59 117 -915428012
25 94 -340027512
27 77 -410887874
46 92 -484032496
55 71 -382052742
68 87 -894247151
4 6 -954573214
16 30 -703203762
48 69 -844729147
3 10 -136341128
21 50 -318663167
32 35 -967049591
9 19 -46264668
12 36 -376455448
37 48 -126911356
17 32 -742499226
66 82 -736532559
45 85 -675328743
49 110 -835599035
16 39 -759204640
36 100 -337284414
13 20 -907805258
5 7 -594110160
3 25 -255343623
29 47 -956197756
58 113 -786958039
16 27 -88796845
5 26 -192656051
27 33 -738430598
13 43 -787881071
8 90 -717334581
1 3 -141775543
49 53 -591831159
1 21 -543646404
90 91 -689773912
2 5 -191932282
8 57 -640072010
20 83 -349403048
66 101 -512432300
12 120 -752689518
13 28 -423125139
67 106 -264359005
7 9 -538723460
22 37 -186994537
30 45 -165726517
24 46 -111739351
1 93 -358882944
98 112 -991616177
1 4 -503722722
51 63 -618742887
36 42 -389430366
17 31 -570066503
19 72 -592344963
2 23 -51411602
5 44 -296169688
20 59 -642951797
12 29 -239394399
1 41 -383900801
32 51 -951160823
51 79 -504097330
18 115 -175023914
36 97 -502932625
15 66 -736944265
30 49 -580357333
68 109 -310575632
38 61 -897469604
13 76 -23689376
42 89 -648264369
36 73 -535396389
