1
120 118 90 45
0 0 0 0 0 0 0 0 0 0 0 0 0 0 0 0 0 0 0 0 0 0 0 0 0 0 0 0 0 0 0 0 0 0 0 0 0 0 0 0 0 0 0 0 0 0 0 0 0 0 0 0 0 0 0 0 0 0 0 0 0 0 0 0 0 0 0 0 0 0 0 0 0 0 0 0 0 0 0 0 0 0 0 0 0 0 0 0 0 0 0 0 0 0 0 0 0 0 0 0 0 0 0 0 0 0 0 0 0 0 0 0 0 0 0 0 0 0 0 0
1 1 1 1 0 0 1 1 0 1 0 0 1 1 0 1 1 1 1 1 0 0 1 0 0 1 0 1 0 1 0 1 0 0 0 0 0 1 0 0 0 1 0 1 1 1 1 1 1 0 1 0 0 1 0 0 1 1 0 1 0 1 1 0 0 1 0 0 0 1 0 1 1 1 1 0 1 0 1 0 1 1 1 1 0 1 0 1 1 1 1 0 1 0 0 1 0 1 0 0 1 0 1 1 1 0 1 1 1 1 0 1 0 1 0 0 1 0 0 0
60 73 -367471689
26 104 -66741728
26 89 -550594989
43 87 -561762828
80 88 -188448273
16 120 -74195181
9 11 -365014815
12 101 -8038111
5 8 -792954369
47 81 -912340196
5 64 -673677029
2 18 -401913331
86 90 -984067790
21 23 -729200052
73 98 -605812436
24 53 -288357839
8 20 -408476836
4 10 -129831195
28 58 -921674341
75 111 -889884096
25 30 -289200616
26 105 -263731541
54 94 -802496114
9 51 -439321133
3 32 -2251773
19 25 -606106037
31 35 -856916216
87 117 -769653541
10 16 -432792871
41 67 -721809210
20 21 -606268398
61 69 -800139382
91 118 -877601725
11 113 -777475273
6 48 -566078133
84 114 -219550606
42 116 -31594834
11 26 -872733903
25 34 -640134286
30 60 -818058704
2 3 -420259087
17 47 -878719287
96 106 -904836755
7 9 -177857465
49 75 -996276043
43 79 -183189177
76 109 -882377587
80 108 -745567819
2 12 -384810259
30 37 -553437606
55 78 -956321957
53 66 -170397114
1 2 -763256077
18 42 -955758625
26 50 -353944339
46 80 -30982198
84 86 -846799789
51 72 -802273695
48 85 -977620242
7 29 -363917347
28 112 -33969651
13 15 -601884519
1 54 -662090305
44 52 -159148007
57 82 -409271490
17 97 -493689934
32 38 -738943511
7 22 -937756895
25 110 -443818627
59 83 -258208633
21 27 -660114948
33 71 -503379567
11 56 -154431047
10 57 -83029035
4 103 -302059077
89 100 -994836351
34 92 -233287523
2 7 -236841804
1 62 -387785750
1 33 -870384708
28 76 -856972412
1 5 -727101600
44 70 -205652825
15 36 -930298403
13 28 -285116705
27 46 -187303903
11 45 -512665390
40 59 -588328572
14 68 -284268539
15 17 -283005230
12 40 -978903993
22 96 -845363967
30 65 -428631060
54 84 -492647546
39 74 -806680682
6 14 -373777865
94 119 -396008210
1 24 -491763998
68 102 -140349204
3 41 -795355030
4 6 -177447639
31 61 -687267282
36 55 -612784346
17 39 -750296183
19 31 -290383197
6 13 -12389878
8 44 -110162681
8 91 -298771221
37 107 -641255003
44 49 -378148501
34 77 -31574441
102 115 -521374219
15 19 -515035930
57 63 -654431693
59 95 -952390366
67 93 -108971455
2 4 -363456794
39 99 -935689591
