1
120 116 85 42
-650235448 -518194171 -466030302 -376781145 -527288921 -497903092 -16878360 -755896998 -613414577 -679921756 -855697887 -281007702 -291228733 -948769274 -452238577 -655454938 -596490192 -102849574 -165869695 -896553031 -410200635 -67185357 -606415426 -779987124 -128781764 -996087514 -341535326 -233742858 -859338330 -426701832 -309470215 -297705078 -752710604 -946009685 -947879736 -392555481 -308455168 -171565168 -284153273 -378459472 -63090431 -976132213 -803968841 -741433361 -864193704 -305261581 -214963124 -314075268 -765529536 -147217984 -636203199 -142887253 -628217458 -18815967 -49644359 -736172932 -11067130 -853319688 -303482377 -711693041 -948045321 -168547395 -646207120 -82303991 -839941599 -298412838 -38715449 -797707583 -646970017 -353552223 -344733863 -767185173 -358142002 -649660709 -528290222 -940001867 -700024661 -975273849 -183455620 -277653510 -556711587 -158010630 -553795441 -240867359 -123962395 -481306317 -308059008 -862486311 -449161201 -283593369 -439752732 -721860462 -408122143 -145936373 -800736515 -448534057 -811430950 -813336956 -710143718 -105683931 -358248295 -457675527 -136066018 -913459619 -903170566 -545141074 -458441987 -289726117 -999553716 -610430339 -503757531 -583253987 -657262993 -972266804 -491593893 -238976737 -248708113 -255936791 -536383786 -564333458
1 1 1 0 1 0 1 0 1 0 0 1 1 0 0 0 0 1 0 0 0 0 1 0 0 0 0 0 0 1 1 1 1 1 1 0 1 0 1 0 0 0 0 1 0 0 0 0 0 1 0 1 1 0 0 0 0 0 0 1 0 1 1 0 0 1 0 1 1 1 1 0 1 0 1 1 0 0 1 0 0 1 1 1 0 0 0 0 0 1 1 1 1 1 1 1 0 0 0 0 0 1 0 1 1 1 0 0 0 1 1 1 0 0 1 1 0 0 1 1
9 38 0
47 84 0
10 107 0
60 71 0
17 44 0
4 15 0
17 25 0
53 87 0
2 6 0
15 69 0
15 20 0
88 114 0
8 14 0
42 47 0
98 109 0
5 27 0
19 64 0
25 70 0
46 90 0
5 16 0
8 13 0
7 46 0
31 52 0
7 115 0
73 108 0
25 92 0
100 105 0
38 102 0
19 59 0
13 72 0
7 98 0
57 88 0
25 62 0
45 96 0
66 99 0
99 117 0
35 85 0
20 54 0
10 23 0
1 80 0
79 94 0
1 2 0
29 83 0
7 42 0
16 81 0
3 5 0
14 58 0
27 30 0
25 34 0
27 35 0
8 12 0
89 103 0
7 11 0
18 116 0
19 43 0
1 4 0
2 31 0
33 45 0
56 119 0
88 101 0
7 86 0
58 91 0
31 60 0
66 95 0
35 37 0
95 112 0
18 22 0
24 53 0
24 39 0
16 40 0
24 106 0
44 74 0
49 104 0
10 68 0
73 79 0
1 7 0
46 97 0
22 50 0
30 76 0
2 19 0
5 111 0
61 78 0
10 41 0
28 66 0
10 21 0
1 18 0
12 17 0
21 73 0
2 3 0
33 51 0
9 10 0
74 120 0
105 118 0
6 93 0
6 9 0
2 8 0
15 32 0
49 89 0
67 100 0
4 113 0
20 63 0
5 49 0
33 55 0
19 57 0
24 36 0
29 67 0
22 26 0
11 65 0
24 48 0
5 29 0
26 82 0
44 61 0
34 77 0
27 56 0
8 24 0
20 28 0
