1
200 199 200 100
-854482784 -837444476 -743426167 -364796343 -155773532 -40211731 -877074965 -153602797 -460388063 -881623080 -413869852 -959541320 -133502324 -321830432 -676888563 -303710140 -661258164 -108822350 -27066629 -574850185 -128670330 -57788674 -314519830 -15942936 -873185573 -377517140 -417146636 -101660629 -243008976 -621348939 -319828438 -624297008 -981912542 -748244753 -128155909 -405540461 -529862618 -527429748 -7739961 -118759739 -879063125 -842117408 -344413812 -210420131 -819855942 -854907069 -424316649 -396664519 -46150907 -214635884 -752643232 -635438012 -244067204 -852772504 -99527757 -430642789 -648686184 -689980744 -38888432 -52881661 -679685997 -362604874 -104750008 -475473281 -410564928 -924856351 -394914743 -196891668 -663774156 -976403126 -122826640 -577947931 -362040608 -575209934 -893671924 -833529643 -511367833 -559447233 -378449852 -168229579 -745744226 -120470686 -810284204 -625772681 -23241953 -68432881 -389779818 -378314928 -444646084 -720027247 -891764416 -746841050 -282073841 -815002224 -294686428 -265174499 -40412331 -501086846 -808498676 -235113135 -404478638 -609990715 -793471471 -583304300 -565862446 -858162447 -526115456 -2736867 -926911687 -274936340 -919291581 -127725498 -584165033 -35081098 -536627187 -873084172 -122170729 -45327112 -93789187 -202248320 -788077173 -693665578 -291599016 -478329271 -313361607 -506141966 -562484653 -243330940 -211286522 -19887405 -978386971 -202012498 -803203627 -978935590 -511837527 -347639554 -722923853 -267720563 -28889471 -123573604 -931993979 -679345431 -571645825 -546892489 -721944076 -475811465 -694077191 -94947791 -207097043 -773287924 -449280008 -239211407 -175539476 -525646414 -266401276 -126793467 -369375257 -385391689 -419493376 -83880780 -650030212 -565911927 -456873817 -353165187 -600204373 -802127780 -804830186 -493785072 -964431833 -810268972 -275290455 -860149974 -711634718 -623578280 -63927656 -229908136 -767328826 -978154309 -112461685 -692180335 -380041317 -912548876 -226533981 -133530792 -838424277 -939405630 -561325544 -359825397 -14330890 -834008598 -205693424 -435387636 -544824025 -80911068 -17363174 -206617056 -56638883 -217386608 -713934931 -221672653
0 1 0 0 1 1 1 0 1 1 1 1 0 1 0 0 1 1 0 1 0 1 0 1 0 0 1 0 0 0 1 0 1 0 1 0 0 0 0 0 1 0 1 0 1 0 0 1 1 0 0 0 1 1 0 0 1 1 1 1 1 0 0 1 1 0 0 0 1 1 1 1 0 0 1 1 0 0 0 0 1 1 1 0 1 0 0 1 0 0 1 1 0 0 1 1 1 1 1 1 1 0 1 1 0 1 1 0 1 0 1 0 1 1 0 0 1 0 0 1 1 0 0 0 0 1 0 1 0 1 0 0 0 1 0 0 1 0 1 1 1 1 0 0 0 0 1 0 1 1 1 0 0 1 0 0 1 1 0 1 0 0 0 0 0 1 1 1 0 1 0 1 1 0 0 1 1 0 1 0 1 0 1 0 1 0 0 1 1 1 0 1 1 1 1 0 0 0 1 0
183 184 -30354055
103 104 -942002154
163 164 -346891547
130 131 -809405882
7 8 -38500264
121 122 -365363151
155 156 -762517671
153 154 -387826173
64 65 -376068339
45 46 -724746009
131 132 -879380925
84 85 -323723341
195 196 -472000651
69 70 -17382968
182 183 -605018852
87 88 -480481448
5 6 -562675327
139 140 -679328540
11 12 -226580000
73 74 -241796749
101 102 -675595821
158 159 -697081483
72 73 -501839245
88 89 -480387122
162 163 -274487143
159 160 -775182068
79 80 -577911118
39 40 -139955247
176 177 -287733583
104 105 -525674584
115 116 -99987034
174 175 -153436703
164 165 -771853436
46 47 -789048468
108 109 -343342247
24 25 -234834006
12 13 -905118723
35 36 -438495168
151 152 -39009068
116 117 -227568523
81 82 -305510966
124 125 -494357439
15 16 -913523784
178 179 -265281828
165 166 -525497357
66 67 -297218103
44 45 -582500464
32 33 -602490576
194 195 -896507489
41 42 -268865747
51 52 -423460536
160 161 -679485371
47 48 -715627890
83 84 -641648575
53 54 -156031618
14 15 -818207252
92 93 -803198637
97 98 -919992366
93 94 -194176559
16 17 -921131588
157 158 -973433773
148 149 -337998513
179 180 -23882171
68 69 -81011823
169 170 -947660604
19 20 -948314622
142 143 -476805901
31 32 -444104353
173 174 -284365285
74 75 -965035805
63 64 -328876753
196 197 -901278923
184 185 -304815905
43 44 -228961028
8 9 -13688244
170 171 -139074691
98 99 -866383232
62 63 -447485443
77 78 -498940044
78 79 -891268668
172 173 -947584346
37 38 -173801948
149 150 -975069569
28 29 -919630204
113 114 -638548188
119 120 -879360069
48 49 -853583145
86 87 -824541315
6 7 -242752885
89 90 -371372839
38 39 -108870802
99 100 -531898875
27 28 -521935320
161 162 -497091920
138 139 -200921515
57 58 -846305282
13 14 -263459244
59 60 -894736109
132 133 -252918589
192 193 -498701481
36 37 -128265981
56 57 -781135575
186 187 -535931679
29 30 -705534210
129 130 -136084249
199 200 -472234361
154 155 -200616024
70 71 -284993882
80 81 -420575180
111 112 -155265639
109 110 -223591224
95 96 -512230140
128 129 -864685505
105 106 -557329781
127 128 -658052319
91 92 -105978626
90 91 -44096642
102 103 -695553542
85 86 -495936297
191 192 -53468664
122 123 -270533583
141 142 -7034796
9 10 -784017239
61 62 -783571875
106 107 -26084190
189 190 -212465010
23 24 -328151292
4 5 -934015163
65 66 -767678177
171 172 -121649350
150 151 -948558308
120 121 -209381122
133 134 -304230735
126 127 -807629647
10 11 -368503131
49 50 -278701322
193 194 -836070750
175 176 -147979650
167 168 -466373747
114 115 -85085096
156 157 -962361401
135 136 -12840981
168 169 -676276242
71 72 -212836344
188 189 -757330673
110 111 -371499427
136 137 -90418391
137 138 -887451934
190 191 -753289068
181 182 -680201051
96 97 -145756758
143 144 -720368675
180 181 -363697353
107 108 -636739976
100 101 -567149895
94 95 -732515245
76 77 -527211177
26 27 -924900995
33 34 -424255004
60 61 -531193675
67 68 -560753368
187 188 -75589550
146 147 -433564341
166 167 -34167751
18 19 -333342806
55 56 -894916686
40 41 -759287823
22 23 -308535063
118 119 -481120720
52 53 -843553024
147 148 -528976828
75 76 -836241784
140 141 -565935507
34 35 -730101000
1 2 -10943376
82 83 -290981374
134 135 -120955828
21 22 -965534332
145 146 -169756190
185 186 -982199148
117 118 -511055773
2 3 -184387387
25 26 -551564331
50 51 -957071343
152 153 -13085506
3 4 -167279918
20 21 -392559954
112 113 -750174856
144 145 -164081420
123 124 -349920880
58 59 -592922799
42 43 -418722634
17 18 -512569177
198 199 -172584784
30 31 -671281911
125 126 -213171042
54 55 -144018269
197 198 -999092022
177 178 -648951063
