1
200 199 200 100
-390417039 -92747123 -664005716 -424159467 -188077026 -760954091 -541714103 -650492430 -147799526 -402215622 -322569409 -81952017 -507769956 -607358424 -743665696 -562986341 -820799093 -334399268 -817525855 -987011739 -134242192 -44922088 -177605415 -89282814 -301174606 -303076805 -109716275 -823065532 -247855530 -730132598 -620608442 -414208403 -465765398 -579344508 -101040732 -593549019 -434470367 -476364370 -841491820 -539210563 -901278337 -778102597 -954895410 -170131679 -923222442 -954923860 -102722347 -399118991 -838033755 -377486586 -81417098 -982215334 -979327139 -420965326 -492424729 -651667364 -365126000 -206712240 -840364795 -198190464 -181431329 -748064805 -622873789 -924497011 -499830037 -303736397 -553570944 -920477172 -989946825 -582953461 -26355784 -65873064 -231051366 -774751301 -217252956 -871009066 -264880622 -114690774 -957438170 -738034258 -601997371 -651609514 -110152208 -309619587 -802770116 -71045963 -442401534 -159325990 -777150319 -314487340 -828062631 -679786219 -793250716 -283588922 -757255842 -723394554 -445944047 -100402681 -543515852 -286139915 -93760964 -266018685 -799098199 -297462768 -586715189 -891523508 -634781617 -464149184 -605087154 -619227185 -630094702 -972976207 -658047580 -440415702 -12873568 -476617413 -766453407 -949735028 -354610932 -809343931 -597674057 -675824928 -582898089 -484463264 -296228279 -953284579 -289666394 -773968361 -188724030 -892748199 -237796522 -820460765 -796784151 -794786068 -809708627 -308345686 -756617553 -66587704 -814477274 -328130276 -72582219 -130682526 -206199261 -671319177 -541153721 -268952568 -303587326 -559719021 -520583813 -270754761 -468050079 -259516926 -681653679 -285173028 -482827660 -878664340 -524972741 -815151609 -517458875 -458668410 -536198529 -616664478 -416488763 -912787383 -990847510 -162164681 -506364995 -676969839 -641202501 -742599761 -579987566 -814836835 -506697553 -957552925 -577298769 -331290465 -569009800 -579534445 -368966838 -198508539 -224421573 -134225944 -501262412 -283844248 -743362418 -400409338 -795915167 -440303278 -337624161 -102884284 -267423574 -682711982 -629271396 -937097790 -257758617 -678106907 -755455050 -568921264 -528098188 -232062461
0 1 0 0 0 0 1 1 1 0 1 0 0 1 0 1 1 0 0 1 1 0 0 0 1 1 0 1 1 0 0 1 0 1 0 1 1 0 1 0 0 1 0 0 0 1 0 1 1 0 1 1 0 0 0 0 0 1 1 1 0 1 1 1 1 0 1 1 1 1 1 0 0 0 0 1 1 0 0 1 0 1 0 0 1 0 0 1 0 1 0 0 0 0 0 0 0 0 1 0 1 0 1 0 1 0 1 1 1 0 0 1 0 0 1 0 1 0 0 1 0 0 1 1 0 1 1 0 1 1 0 0 1 1 0 1 1 0 1 0 0 1 1 0 1 1 0 0 1 1 1 0 1 1 0 0 1 0 0 0 1 1 1 1 0 0 1 0 0 1 1 0 0 1 0 1 1 1 1 1 0 1 1 0 0 1 1 1 0 1 0 0 0 0 1 1 1 1 0 1
1 160 -384153190
1 106 -859174694
1 100 -109699968
1 57 -180844461
1 70 -60580007
1 200 -76470257
1 182 -156421647
1 183 -968403243
1 125 -800363040
1 194 -600671394
1 31 -337238645
1 35 -30152716
1 8 -189950024
1 84 -568886047
1 190 -303436223
1 49 -514742787
1 176 -487148240
1 152 -144836813
1 193 -240732480
1 20 -387206380
1 26 -566861599
1 131 -85684574
1 25 -344810987
1 3 -198052501
1 187 -99895276
1 166 -950753282
1 19 -468375111
1 39 -311852386
1 97 -671331444
1 142 -656671909
1 68 -113043104
1 92 -554927445
1 72 -516021003
1 186 -366146480
1 60 -124492914
1 77 -923814493
1 67 -242447426
1 13 -575305873
1 118 -909031550
1 138 -398224923
1 113 -542236263
1 165 -983111650
1 119 -190851238
1 112 -331321165
1 78 -850281884
1 41 -431783239
1 88 -22715379
1 98 -40246390
1 22 -879384017
1 17 -238317278
1 130 -921473834
1 99 -531639227
1 128 -976262039
1 111 -695958806
1 136 -389562244
1 27 -808274405
1 40 -14262537
1 30 -183507113
1 55 -990257301
1 54 -19044950
1 134 -900995348
1 164 -152020851
1 90 -406381651
1 58 -656485298
1 6 -675131299
1 73 -22859901
1 129 -170700738
1 59 -940686502
1 95 -615169898
1 47 -351116117
1 124 -75792434
1 173 -701838353
1 21 -758387961
1 181 -294886162
1 174 -23301395
1 101 -930075068
1 110 -679446178
1 143 -190853799
1 189 -220055022
1 158 -744225528
1 81 -461268317
1 135 -121453973
1 48 -195569787
1 51 -33066009
1 185 -864840220
1 151 -587420169
1 168 -987832379
1 66 -438549770
1 104 -631055477
1 50 -116535979
1 180 -858604845
1 199 -648032733
1 157 -3171219
1 155 -587132650
1 75 -880111580
1 44 -620961046
1 85 -386792347
1 89 -240091830
1 145 -106422282
1 153 -631424838
1 178 -647704640
1 43 -931700750
1 56 -374949318
1 198 -641329852
1 64 -689288018
1 115 -54217237
1 103 -55714681
1 38 -934041002
1 175 -483315719
1 62 -756305400
1 139 -356493498
1 46 -813108281
1 28 -426590338
1 163 -637852473
1 149 -518445422
1 114 -180152153
1 87 -929159182
1 69 -279446473
1 5 -163514112
1 102 -313718397
1 18 -779152941
1 93 -396287330
1 147 -293219781
1 126 -818219806
1 171 -333416053
1 63 -270003757
1 91 -883196627
1 133 -614402378
1 141 -177267044
1 191 -304882656
1 137 -793421242
1 24 -891255278
1 53 -700083331
1 52 -343780708
1 154 -139580407
1 12 -353429437
1 4 -337738504
1 192 -429731848
1 127 -968109262
1 76 -439281915
1 2 -210474637
1 120 -3040594
1 116 -413348308
1 11 -462143966
1 74 -803267103
1 161 -552196673
1 79 -279933020
1 86 -135868378
1 33 -690906698
1 156 -668563474
1 132 -997260198
1 36 -886483603
1 14 -16680369
1 117 -576266731
1 184 -774453028
1 96 -769430687
1 61 -568675025
1 65 -740548647
1 107 -111020414
1 140 -298596112
1 80 -837237014
1 172 -807434668
1 34 -507112048
1 9 -162045307
1 188 -136649514
1 108 -24750318
1 23 -624447554
1 105 -261357173
1 7 -971593041
1 15 -574460291
1 148 -142157167
1 162 -226655717
1 16 -532631774
1 146 -70938514
1 150 -288692031
1 37 -670446877
1 169 -5997269
1 123 -800402019
1 196 -75665916
1 197 -277682944
1 177 -951668114
1 82 -379332637
1 109 -231764305
1 45 -143952777
1 122 -479747288
1 32 -971031436
1 144 -754097000
1 94 -239132341
1 10 -850914212
1 121 -812315883
1 179 -743586436
1 83 -650204294
1 159 -462531525
1 29 -647663933
1 195 -402833711
1 167 -837314594
1 71 -821331611
1 42 -269846823
1 170 -444186032
