1
200 199 200 0
-51747856 -38821043 -308154450 -722658679 -637184434 -368071543 -429845979 -747023365 -521536067 -901233719 -791004829 -168249167 -815953435 -995083348 -292048606 -960518510 -556901914 -581845793 -475910355 -225721738 -303275785 -17605345 -640419042 -963122636 -590561544 -249869730 -888082448 -333359687 -474059527 -155379101 -396135118 -459700664 -201978507 -165602555 -659210533 -775513505 -562945320 -814021001 -395553341 -536507699 -484471346 -725278856 -524598371 -553887364 -312043842 -278395892 -944548088 -659536253 -883766323 -998125779 -647688083 -631744984 -244727558 -435713125 -945283189 -316546976 -730469074 -26775398 -608638513 -252558284 -982221703 -560365286 -344522088 -231373430 -752285415 -262129383 -869195726 -598841502 -395814276 -548889361 -314952051 -255193383 -403538302 -927692143 -282095121 -359024962 -724518904 -2979348 -927482406 -988450840 -246771135 -25557681 -264291297 -307198031 -761523735 -424373853 -331611681 -720955396 -176574636 -476673085 -52629323 -357149253 -632001202 -418918452 -90296194 -17031124 -171394083 -782860936 -92213620 -745401921 -244712386 -875189936 -260267251 -507289469 -569322670 -559888967 -343502714 -772638898 -927290906 -959533127 -933618575 -170343931 -434318596 -309080033 -732181418 -970499942 -805619785 -902872730 -498858927 -981100546 -247280471 -646304968 -3308351 -989726994 -101766996 -639431203 -599448218 -15157861 -621374702 -271998989 -941014511 -425763519 -30913629 -575883543 -601823829 -826706691 -439038463 -930108741 -237977987 -195085630 -138252279 -997873266 -55345756 -175993630 -70643446 -141204095 -552695571 -885091327 -492799748 -615036315 -24938757 -6884288 -173943684 -75003068 -669347528 -182894559 -189722662 -42055600 -334073354 -438932563 -788998416 -818465242 -750934809 -127575438 -869929778 -818379959 -518033957 -383505848 -914427545 -586156298 -782936074 -203577255 -141713573 -563310923 -270662338 -536380921 -141286983 -282760216 -861523950 -316516674 -714537946 -260706303 -310941875 -373026131 -420340740 -204600875 -729675197 -294685803 -552956383 -971759279 -842608021 -598665 -939429715 -66274537 -861065506 -330684619 -480217610 -990080930 -494797583 -229925640
0 1 0 1 0 1 1 0 1 1 0 1 1 1 1 1 1 1 1 0 1 1 0 0 1 1 1 1 0 1 1 0 0 1 1 1 1 1 0 1 1 1 0 0 1 1 1 0 1 1 1 1 0 1 1 0 1 1 1 0 1 1 1 1 0 1 1 0 1 1 1 0 0 1 0 0 1 1 0 0 0 1 0 0 1 1 1 1 1 0 1 1 1 1 0 1 0 1 1 1 1 1 0 1 1 0 1 1 1 1 1 0 1 1 0 1 0 1 0 1 1 1 1 1 1 1 1 0 1 1 0 1 0 1 1 1 1 1 1 1 0 1 0 0 1 0 1 0 1 1 0 1 1 1 1 0 1 1 1 1 1 0 0 1 1 1 1 0 1 1 0 1 0 0 0 0 1 1 1 1 1 1 1 0 1 1 0 1 0 1 0 1 1 1 1 0 1 1 1 1
147 166 -456510222
23 40 -202491609
116 146 -804430550
7 9 -398263273
1 27 -923006652
100 147 -466513811
18 174 -86383992
87 189 -536261203
119 163 -18777140
78 93 -316183037
22 127 -491173622
20 21 -614530306
26 148 -884024183
119 176 -626706739
17 109 -933386817
1 42 -614845330
42 133 -396007815
15 39 -93285025
15 54 -279285841
59 70 -530951594
8 104 -742724419
2 14 -791524559
144 151 -462022565
29 57 -497949710
53 94 -95570468
135 154 -484950530
136 149 -632410110
62 72 -187922719
18 53 -732633366
108 115 -258986880
1 3 -859247412
29 41 -932976393
114 175 -97700351
189 190 -862302360
62 88 -37901763
34 46 -536331449
76 81 -785451132
31 79 -237231117
14 73 -600236225
12 32 -83144466
41 55 -804100633
84 182 -406277981
29 117 -946501580
142 158 -283026778
61 153 -29795139
23 186 -374913739
13 52 -520758542
36 83 -400604223
4 164 -63223727
2 11 -320956235
68 143 -25998027
26 101 -239860794
71 128 -511187675
12 141 -422195920
31 44 -540282135
49 64 -715582918
68 82 -966299164
29 160 -170209736
10 75 -535993255
76 177 -251815397
165 168 -396322217
164 199 -24972380
4 69 -227739202
78 134 -407123503
115 197 -172687786
111 119 -295658276
71 157 -323157112
67 91 -748231109
15 34 -737832724
43 58 -360874753
12 17 -631510571
60 99 -99523781
11 85 -218188086
5 8 -623125130
131 181 -293357110
1 96 -961631423
2 59 -681405326
84 125 -717842147
121 159 -997626157
11 15 -441208413
27 90 -223207873
1 6 -700888831
25 179 -973757413
121 138 -362327514
33 56 -828753740
46 49 -466738153
10 30 -381037696
82 87 -17121737
6 129 -577095712
49 77 -22230926
164 192 -195922540
7 26 -303533867
23 62 -710542015
105 120 -917919934
111 183 -965069180
44 98 -901179128
32 76 -101025510
3 5 -508366255
15 152 -591403867
29 45 -792380518
130 195 -531885983
16 155 -422629133
10 193 -907275924
93 167 -21239820
158 198 -852207108
3 187 -88492200
64 86 -778748200
18 156 -782138680
7 28 -860548200
125 191 -941106371
103 122 -434180471
23 106 -848849234
9 12 -217372046
154 169 -863595094
11 20 -167596646
37 171 -908933595
36 38 -610201094
164 184 -93708363
66 145 -79725417
97 140 -223514486
2 16 -973756303
33 116 -924763789
169 178 -923234614
47 68 -868724280
3 25 -678265715
13 29 -722986617
107 150 -414473536
17 19 -16897005
7 23 -514146709
69 71 -673462324
8 67 -551002937
46 170 -895963664
109 114 -515931228
6 51 -109324480
15 97 -667953114
75 111 -734519453
125 185 -46228630
64 121 -525515415
5 47 -196253646
39 113 -773611174
16 89 -557789906
124 130 -846109707
54 194 -414889124
30 65 -807543106
9 22 -935290916
108 196 -729434962
85 105 -946427484
97 118 -195360186
14 63 -716850568
14 100 -927694826
9 92 -91323499
4 136 -312834141
137 165 -325125239
16 18 -814665907
99 132 -246244157
9 10 -17562174
14 66 -861578883
86 112 -804908896
64 131 -947863649
104 180 -849328128
118 137 -881748269
5 37 -406160615
38 123 -655203153
73 103 -557702065
77 126 -684711778
5 135 -96407974
9 24 -106962592
73 142 -25267237
19 161 -985035561
21 108 -412183450
41 144 -543546766
27 102 -802052331
39 78 -34897970
154 162 -980724138
32 50 -488321464
41 61 -31624980
196 200 -721305842
1 2 -691748449
40 84 -59878956
32 33 -972318372
34 35 -180946381
162 173 -329399300
2 7 -740930007
33 36 -664496960
2 4 -896432118
58 74 -885232006
8 13 -818652520
8 31 -646482103
5 95 -950768812
10 48 -153784412
40 60 -939620391
34 107 -619722537
41 124 -942932996
33 43 -878650812
7 80 -991764436
26 139 -178350725
158 172 -612806572
2 110 -544326773
169 188 -455714683
