1
200 199 200 100
-1000000000 -1000000000 -1000000000 -1000000000 -1000000000 -1000000000 -1000000000 -1000000000 -1000000000 -1000000000 -1000000000 -1000000000 -1000000000 -1000000000 -1000000000 -1000000000 -1000000000 -1000000000 -1000000000 -1000000000 -1000000000 -1000000000 -1000000000 -1000000000 -1000000000 -1000000000 -1000000000 -1000000000 -1000000000 -1000000000 -1000000000 -1000000000 -1000000000 -1000000000 -1000000000 -1000000000 -1000000000 -1000000000 -1000000000 -1000000000 -1000000000 -1000000000 -1000000000 -1000000000 -1000000000 -1000000000 -1000000000 -1000000000 -1000000000 -1000000000 -1000000000 -1000000000 -1000000000 -1000000000 -1000000000 -1000000000 -1000000000 -1000000000 -1000000000 -1000000000 -1000000000 -1000000000 -1000000000 -1000000000 -1000000000 -1000000000 -1000000000 -1000000000 -1000000000 -1000000000 -1000000000 -1000000000 -1000000000 -1000000000 -1000000000 -1000000000 -1000000000 -1000000000 -1000000000 -1000000000 -1000000000 -1000000000 -1000000000 -1000000000 -1000000000 -1000000000 -1000000000 -1000000000 -1000000000 -1000000000 -1000000000 -1000000000 -1000000000 -1000000000 -1000000000 -1000000000 -1000000000 -1000000000 -1000000000 -1000000000 -1000000000 -1000000000 -1000000000 -1000000000 -1000000000 -1000000000 -1000000000 -1000000000 -1000000000 -1000000000 -1000000000 -1000000000 -1000000000 -1000000000 -1000000000 -1000000000 -1000000000 -1000000000 -1000000000 -1000000000 -1000000000 -1000000000 -1000000000 -1000000000 -1000000000 -1000000000 -1000000000 -1000000000 -1000000000 -1000000000 -1000000000 -1000000000 -1000000000 -1000000000 -1000000000 -1000000000 -1000000000 -1000000000 -1000000000 -1000000000 -1000000000 -1000000000 -1000000000 -1000000000 -1000000000 -1000000000 -1000000000 -1000000000 -1000000000 -1000000000 -1000000000 -1000000000 -1000000000 -1000000000 -1000000000 -1000000000 -1000000000 -1000000000 -1000000000 -1000000000 -1000000000 -1000000000 -1000000000 -1000000000 -1000000000 -1000000000 -1000000000 -1000000000 -1000000000 -1000000000 -1000000000 -1000000000 -1000000000 -1000000000 -1000000000 -1000000000 -1000000000 -1000000000 -1000000000 -1000000000 -1000000000 -1000000000 -1000000000 -1000000000 -1000000000 -1000000000 -1000000000 -1000000000 -1000000000 -1000000000 -1000000000 -1000000000 -1000000000 -1000000000 -1000000000 -1000000000 -1000000000 -1000000000 -1000000000 -1000000000
0 0 0 1 0 1 0 1 1 1 0 1 0 1 0 0 0 1 0 0 1 0 1 1 1 0 1 0 0 1 1 1 0 1 1 1 0 0 0 1 1 0 1 1 1 0 0 1 1 1 0 0 1 0 0 0 1 1 1 0 1 0 0 1 1 0 1 1 1 1 0 0 0 1 1 1 0 1 1 0 0 1 0 0 1 0 0 1 1 0 1 0 1 1 1 0 1 1 0 0 0 1 1 0 0 1 1 1 0 1 1 0 1 0 0 1 0 0 0 1 0 0 0 1 0 0 0 1 1 1 0 0 0 0 1 1 0 0 0 1 0 1 1 0 0 0 0 0 1 1 1 1 0 1 0 1 1 1 0 1 0 0 1 0 0 0 1 1 1 1 1 0 0 1 0 1 0 0 1 1 0 0 1 0 0 0 0 0 1 1 1 1 0 1 1 0 1 0 0 1
29 42 -1000000000
90 106 -1000000000
33 139 -1000000000
90 188 -1000000000
1 3 -1000000000
48 87 -1000000000
131 166 -1000000000
141 147 -1000000000
7 58 -1000000000
23 94 -1000000000
46 47 -1000000000
14 56 -1000000000
134 151 -1000000000
8 92 -1000000000
91 97 -1000000000
1 4 -1000000000
133 159 -1000000000
26 32 -1000000000
48 123 -1000000000
75 114 -1000000000
43 71 -1000000000
23 152 -1000000000
95 138 -1000000000
114 117 -1000000000
28 179 -1000000000
19 38 -1000000000
14 57 -1000000000
65 146 -1000000000
51 93 -1000000000
47 107 -1000000000
45 73 -1000000000
129 173 -1000000000
1 12 -1000000000
128 165 -1000000000
37 46 -1000000000
15 45 -1000000000
48 65 -1000000000
123 142 -1000000000
129 143 -1000000000
54 108 -1000000000
18 30 -1000000000
65 68 -1000000000
2 90 -1000000000
19 83 -1000000000
25 85 -1000000000
5 91 -1000000000
49 177 -1000000000
80 180 -1000000000
1 15 -1000000000
1 7 -1000000000
13 23 -1000000000
112 161 -1000000000
88 149 -1000000000
6 20 -1000000000
183 192 -1000000000
10 11 -1000000000
134 189 -1000000000
65 163 -1000000000
72 137 -1000000000
65 187 -1000000000
11 52 -1000000000
143 171 -1000000000
44 101 -1000000000
84 127 -1000000000
98 155 -1000000000
92 176 -1000000000
41 89 -1000000000
130 134 -1000000000
6 27 -1000000000
37 82 -1000000000
4 8 -1000000000
1 31 -1000000000
19 43 -1000000000
21 49 -1000000000
8 10 -1000000000
20 21 -1000000000
81 157 -1000000000
6 63 -1000000000
26 34 -1000000000
76 145 -1000000000
54 69 -1000000000
52 96 -1000000000
13 125 -1000000000
2 78 -1000000000
15 19 -1000000000
33 74 -1000000000
64 100 -1000000000
44 144 -1000000000
35 132 -1000000000
5 81 -1000000000
180 199 -1000000000
188 190 -1000000000
16 40 -1000000000
9 14 -1000000000
45 76 -1000000000
37 183 -1000000000
45 48 -1000000000
36 169 -1000000000
10 195 -1000000000
40 196 -1000000000
50 130 -1000000000
66 150 -1000000000
39 153 -1000000000
27 51 -1000000000
36 60 -1000000000
65 99 -1000000000
3 17 -1000000000
21 141 -1000000000
87 197 -1000000000
23 33 -1000000000
39 44 -1000000000
9 62 -1000000000
75 105 -1000000000
36 53 -1000000000
112 193 -1000000000
115 154 -1000000000
54 122 -1000000000
4 5 -1000000000
33 39 -1000000000
15 18 -1000000000
26 50 -1000000000
37 128 -1000000000
10 59 -1000000000
23 109 -1000000000
1 156 -1000000000
121 136 -1000000000
151 168 -1000000000
120 184 -1000000000
37 172 -1000000000
172 198 -1000000000
110 120 -1000000000
103 111 -1000000000
100 131 -1000000000
10 29 -1000000000
31 126 -1000000000
57 67 -1000000000
13 54 -1000000000
4 9 -1000000000
13 35 -1000000000
35 70 -1000000000
113 158 -1000000000
143 148 -1000000000
78 181 -1000000000
65 140 -1000000000
146 167 -1000000000
63 88 -1000000000
63 194 -1000000000
14 84 -1000000000
112 124 -1000000000
74 116 -1000000000
78 102 -1000000000
50 72 -1000000000
69 174 -1000000000
90 113 -1000000000
27 95 -1000000000
190 191 -1000000000
4 41 -1000000000
23 28 -1000000000
22 160 -1000000000
29 36 -1000000000
7 16 -1000000000
47 98 -1000000000
6 26 -1000000000
60 129 -1000000000
43 104 -1000000000
24 75 -1000000000
13 22 -1000000000
2 133 -1000000000
129 135 -1000000000
6 103 -1000000000
20 25 -1000000000
5 6 -1000000000
3 13 -1000000000
152 170 -1000000000
56 80 -1000000000
148 162 -1000000000
32 55 -1000000000
75 86 -1000000000
4 119 -1000000000
11 61 -1000000000
6 185 -1000000000
111 121 -1000000000
93 112 -1000000000
19 186 -1000000000
21 37 -1000000000
84 110 -1000000000
95 118 -1000000000
169 178 -1000000000
17 79 -1000000000
69 77 -1000000000
2 64 -1000000000
40 66 -1000000000
11 24 -1000000000
17 175 -1000000000
152 182 -1000000000
1 2 -1000000000
65 164 -1000000000
14 115 -1000000000
35 200 -1000000000
