1
200 199 180 90
0 0 0 0 0 0 0 0 0 0 0 0 0 0 0 0 0 0 0 0 0 0 0 0 0 0 0 0 0 0 0 0 0 0 0 0 0 0 0 0 0 0 0 0 0 0 0 0 0 0 0 0 0 0 0 0 0 0 0 0 0 0 0 0 0 0 0 0 0 0 0 0 0 0 0 0 0 0 0 0 0 0 0 0 0 0 0 0 0 0 0 0 0 0 0 0 0 0 0 0 0 0 0 0 0 0 0 0 0 0 0 0 0 0 0 0 0 0 0 0 0 0 0 0 0 0 0 0 0 0 0 0 0 0 0 0 0 0 0 0 0 0 0 0 0 0 0 0 0 0 0 0 0 0 0 0 0 0 0 0 0 0 0 0 0 0 0 0 0 0 0 0 0 0 0 0 0 0 0 0 0 0 0 0 0 0 0 0 0 0 0 0 0 0 0 0 0 0 0 0
0 0 1 0 1 1 1 0 1 1 1 1 1 1 1 0 0 0 1 0 1 1 0 0 1 0 0 0 0 1 0 0 0 0 0 0 0 1 0 1 1 1 1 0 0 1 1 0 1 0 1 0 1 0 0 1 0 0 0 0 0 0 0 1 0 0 0 1 0 0 1 1 0 0 0 1 0 0 0 1 0 1 0 1 1 1 0 0 1 0 0 1 1 0 1 0 1 0 1 1 1 0 1 0 1 0 1 0 1 0 1 1 1 1 0 0 1 0 0 1 0 1 1 0 0 1 0 1 1 0 1 1 0 0 1 1 0 1 1 0 0 0 1 1 1 0 0 0 0 1 0 1 1 1 0 0 1 0 0 0 0 1 0 0 1 0 0 0 0 1 1 0 0 0 0 0 1 1 0 1 0 1 0 1 0 1 1 0 0 1 0 0 1 0 0 0 1 0 1 1
4 17 -877977728
81 119 -686780984
28 50 -306525515
14 114 -254250336
38 121 -822342300
16 43 -168271177
3 4 -428332632
7 156 -789829238
36 46 -668904081
8 173 -953624870
32 58 -892622635
75 127 -603389866
68 176 -533953338
25 26 -946183450
82 154 -757409078
32 116 -769995967
39 52 -320731082
21 49 -660566769
74 169 -629612135
1 11 -504252634
30 186 -149131982
5 130 -628665804
39 93 -426564350
4 14 -275103490
35 151 -94795554
94 120 -831800918
110 161 -372495599
28 39 -870901334
118 187 -679370486
45 79 -182629177
31 67 -18040763
10 83 -150479412
61 153 -197578481
81 196 -808870987
84 111 -483653777
21 144 -879376290
96 122 -331302323
37 188 -52666687
82 107 -726788547
4 135 -250416047
41 62 -985283951
30 141 -213734450
106 128 -238339511
50 146 -934189793
4 18 -504771817
188 192 -747182964
91 92 -912590392
11 23 -713481577
24 99 -854501206
60 68 -407851876
46 80 -865613106
90 112 -989453346
80 182 -384719516
92 147 -91168672
15 113 -579339731
2 12 -668348864
38 100 -410492188
38 65 -753915840
2 7 -498480448
19 28 -999827187
69 82 -240377052
123 189 -439391852
13 30 -669628096
37 76 -211733536
3 29 -780800066
28 85 -779259215
59 61 -117195777
2 9 -391782748
94 162 -839618658
27 55 -5991570
34 74 -63440725
55 108 -475981390
88 172 -419881554
3 199 -312425412
103 105 -802914055
1 103 -826426130
64 71 -389692353
23 48 -986369583
109 143 -711366330
89 168 -304007852
47 190 -975452067
1 5 -959723666
53 124 -715048933
38 155 -14989805
13 16 -880046856
12 22 -355460196
2 118 -23988108
93 137 -839038590
18 53 -504317060
86 98 -952264717
60 177 -207379597
86 95 -805150630
1 3 -40098975
45 66 -832186530
39 56 -106801865
133 149 -664372451
16 27 -299442088
18 51 -902332916
75 106 -978457086
14 38 -659499221
3 13 -765148630
10 25 -654996487
52 88 -847889744
59 70 -300667319
2 91 -65940790
87 178 -215738997
11 75 -446766162
54 81 -948959533
124 152 -279921599
46 84 -300740409
94 109 -98204196
127 142 -243041971
9 15 -29362256
9 37 -313888715
87 132 -587690427
14 19 -543814405
15 110 -966896600
22 145 -798860333
16 32 -103506756
2 89 -136581061
16 21 -980251709
92 102 -751635941
74 180 -413319778
113 166 -714059800
3 6 -704925559
30 47 -446870261
32 87 -271405651
146 193 -215344570
117 197 -228641092
86 117 -746682849
55 64 -758462346
62 191 -990800222
90 200 -96878291
42 136 -376758022
136 157 -389818637
118 167 -849906983
72 77 -357084031
10 24 -40619858
11 123 -137236091
19 36 -584698662
29 134 -185173236
54 90 -959641229
120 185 -318989639
27 60 -732850751
12 160 -529029000
79 171 -971897873
3 20 -994870035
65 115 -518655064
25 165 -989671305
32 129 -192369273
41 125 -585779262
22 42 -615696848
97 198 -927887743
10 31 -332438724
32 59 -450361631
89 150 -397176697
91 159 -750957739
10 34 -448575467
38 97 -596620736
153 194 -580614037
67 181 -756070293
116 179 -893539381
1 2 -357709818
37 40 -12127155
6 94 -984478851
35 57 -191430213
53 164 -732705748
117 133 -440947711
6 73 -554864923
62 140 -778427800
129 158 -385911756
15 41 -351314139
9 44 -402926673
23 126 -269766422
165 174 -993797955
43 45 -371341443
47 183 -490631849
54 72 -875789516
25 139 -339233919
56 170 -270570069
48 63 -472568614
66 104 -483977404
27 69 -319430158
121 184 -526961521
7 8 -572545722
44 131 -560194557
60 78 -78089093
22 33 -805451757
46 175 -40536087
116 148 -404610038
7 10 -494644764
18 101 -229471618
44 54 -483798925
95 138 -276014337
23 86 -26412250
181 195 -929444558
4 35 -93078579
73 163 -272590698
34 96 -956540001
