1
200 199 180 90
-138433791 -312397735 -839919339 -413532084 -931646047 -539091511 -257826656 -395958734 -26310417 -637000464 -448685289 -129938299 -203392926 -693898557 -356511648 -760352786 -47754711 -504317323 -200843751 -771107721 -813050937 -64481899 -905838420 -304584115 -620785837 -194955722 -844591256 -640630970 -159183387 -219083166 -135451070 -585917201 -529018334 -425144314 -554531929 -613102821 -727814294 -823039090 -838400630 -431946152 -220492535 -662246001 -49323941 -419506904 -119491498 -215584976 -425386491 -570649028 -989369559 -431819278 -603552018 -440752193 -432537296 -87931069 -19343502 -555911362 -33891707 -496183535 -831446215 -870308230 -266827296 -999135149 -163913652 -476554926 -162474593 -262165473 -504572330 -698050424 -737950737 -383641081 -896747455 -541252740 -586289650 -138905761 -763543174 -487743757 -655738662 -665787185 -473374431 -337205302 -346595603 -65569151 -315898741 -297368910 -177404906 -124899329 -876494367 -688119098 -205304764 -427027921 -331476582 -440197213 -125644000 -816758938 -618867288 -403937870 -520318137 -9940467 -581381904 -380330572 -243472659 -799865274 -941796683 -970231283 -60804926 -721492858 -569833296 -410060501 -417759572 -149120769 -678919829 -746643963 -527021543 -922025587 -961211116 -294376411 -492780568 -210876261 -905790845 -344960586 -517815352 -398626879 -680453765 -546804527 -917011271 -894718808 -803309385 -292779811 -611619087 -510468272 -480323358 -549575694 -895511186 -328408400 -689989865 -662234539 -871675896 -624008681 -638128236 -686066103 -386764521 -782848709 -304901780 -624297857 -972596772 -181033667 -306829575 -312704217 -965411505 -212357264 -220291808 -526256139 -909681590 -986154067 -395260721 -286693780 -153306921 -966014946 -3661403 -820713721 -497521691 -5566886 -607155060 -22051889 -579401326 -455976817 -323516606 -127351676 -800264840 -354264706 -155806678 -604602372 -517289126 -199203806 -927285993 -330441737 -392870843 -526612457 -621474865 -812713855 -168664904 -25576855 -924223300 -267844051 -244408341 -958833398 -615068528 -647711609 -975497830 -444293678 -956029816 -568167220 -895351961 -435865936 -102452584 -415311325 -853216813 -823262836 -671049604 -543536030
1 1 1 1 1 1 0 1 1 1 1 1 0 1 1 1 0 0 1 1 0 0 1 1 0 1 0 1 1 1 0 0 1 1 1 1 0 1 1 1 0 1 1 1 1 0 0 0 1 1 0 1 0 1 0 1 0 1 0 1 0 0 1 0 0 0 0 0 1 0 0 1 0 1 1 1 0 1 0 0 1 0 0 0 1 1 1 1 0 1 1 1 1 0 1 1 0 1 1 0 0 0 0 0 1 0 0 1 1 0 1 1 1 1 0 1 0 1 1 0 1 0 1 1 0 0 0 1 0 0 1 0 1 0 1 0 0 0 1 1 0 0 1 1 1 1 1 1 1 0 0 1 1 0 0 0 0 1 1 0 0 0 1 1 0 0 0 1 1 0 0 1 1 0 0 1 1 0 1 0 0 1 1 1 1 0 0 1 1 1 0 1 0 0 0 1 0 1 0 1
25 186 0
107 172 0
60 139 0
3 35 0
44 61 0
24 91 0
130 192 0
2 76 0
1 2 0
39 63 0
147 184 0
2 42 0
54 128 0
2 41 0
48 148 0
100 194 0
48 133 0
63 93 0
96 112 0
3 13 0
5 83 0
60 118 0
67 104 0
18 23 0
8 183 0
6 39 0
24 79 0
10 32 0
13 193 0
36 43 0
104 107 0
10 18 0
13 110 0
100 190 0
30 31 0
5 150 0
86 151 0
144 156 0
1 30 0
91 178 0
69 140 0
30 56 0
20 126 0
76 98 0
1 4 0
16 48 0
13 134 0
28 73 0
6 14 0
4 9 0
174 187 0
14 45 0
58 130 0
66 86 0
34 141 0
11 49 0
32 114 0
53 142 0
13 173 0
4 97 0
6 10 0
26 66 0
64 80 0
16 103 0
46 102 0
13 199 0
17 149 0
21 74 0
51 54 0
86 87 0
93 154 0
8 27 0
73 160 0
3 7 0
49 131 0
15 21 0
76 152 0
56 59 0
9 96 0
33 100 0
2 122 0
87 109 0
73 94 0
13 116 0
15 57 0
12 143 0
18 176 0
114 125 0
8 65 0
26 197 0
8 15 0
110 170 0
13 137 0
79 120 0
64 72 0
15 90 0
23 46 0
120 135 0
37 119 0
63 162 0
124 155 0
25 84 0
31 82 0
9 11 0
10 105 0
21 26 0
36 70 0
77 127 0
56 161 0
20 89 0
37 145 0
14 29 0
96 108 0
57 144 0
19 24 0
90 166 0
53 175 0
61 132 0
34 136 0
42 58 0
41 71 0
11 19 0
14 55 0
66 75 0
3 38 0
28 51 0
137 163 0
2 106 0
17 37 0
80 101 0
141 182 0
24 165 0
15 60 0
77 138 0
46 68 0
32 36 0
2 174 0
49 200 0
2 6 0
140 195 0
52 189 0
94 153 0
65 85 0
7 146 0
9 17 0
104 177 0
19 20 0
27 88 0
5 22 0
3 53 0
138 171 0
2 67 0
13 92 0
70 168 0
20 169 0
140 167 0
32 33 0
2 25 0
28 34 0
106 157 0
96 198 0
119 185 0
10 12 0
6 115 0
109 196 0
28 164 0
86 121 0
14 78 0
11 62 0
35 50 0
80 111 0
122 180 0
10 16 0
21 81 0
101 113 0
69 129 0
20 124 0
3 69 0
60 188 0
23 95 0
7 77 0
1 5 0
5 8 0
40 52 0
5 191 0
2 3 0
152 181 0
20 117 0
3 64 0
3 44 0
117 147 0
25 28 0
13 47 0
29 123 0
119 179 0
59 159 0
21 40 0
65 99 0
82 158 0
