1
200 187 150 75
-787897036 -293562941 -196180561 -977468292 -156627406 -557181780 -725476989 -498318938 -238323281 -970310222 -717090704 -843423160 -318746011 -417628226 -354502406 -177010319 -732158367 -387248021 -740981004 -274123537 -85145187 -599249428 -705114782 -930329134 -772627466 -979132118 -990145713 -297965126 -811113118 -842989871 -907839532 -728300661 -496880817 -200665016 -53667824 -414395822 -176374599 -553046956 -268254415 -169236113 -40931127 -438036968 -322384208 -107142938 -538633189 -488067902 -722068475 -891703883 -930413508 -412290431 -718134818 -774478647 -11682760 -766154288 -865861223 -643540849 -427562889 -118828962 -65204216 -813969205 -84740613 -205816618 -37192864 -344320366 -881119050 -924238021 -67682397 -697837762 -899416503 -263943178 -343931056 -666996452 -593531565 -961517225 -976998861 -594779718 -161671312 -677981255 -493647052 -437208607 -105326711 -240478199 -314163525 -183990202 -750168972 -422381591 -261670251 -308744179 -763094330 -3792594 -519528645 -150283404 -270923517 -133025611 -986683105 -810514962 -190095419 -690200444 -440752482 -601290137 -624910561 -707167649 -379094921 -967081833 -339919242 -463554743 -657149749 -942601642 -560395172 -997386411 -497108962 -203034006 -743154837 -946941992 -888364454 -539825001 -986062966 -10540610 -584111850 -965006644 -951138055 -937499774 -281113151 -914847046 -233344814 -150882807 -291940151 -132705037 -645933247 -33874126 -584664582 -482837354 -1844527 -515299927 -257615525 -461624377 -465460008 -348081990 -120252723 -600872546 -551275159 -335651786 -714142029 -993083435 -462199506 -142148304 -87326857 -122332978 -266525694 -854585226 -121069618 -998187476 -992086918 -726811493 -24986767 -473924521 -330242976 -213565876 -640249214 -714060444 -802507230 -829024574 -643857906 -514535486 -704233237 -626762876 -146697945 -631479661 -541797062 -667842402 -608604787 -866769397 -955057754 -935013208 -131839245 -463180810 -789876364 -16665932 -754878010 -461700781 -793019397 -358867092 -826785746 -139817158 -251722771 -611704992 -49929307 -66415411 -257583901 -984709995 -862104325 -938677667 -195069623 -221735052 -480370546 -266924459 -66332640 -9432788 -138350265 -213909994
1 1 1 0 1 0 1 0 0 0 0 0 1 0 1 0 0 1 0 0 0 0 1 1 1 0 0 0 0 1 0 0 0 0 1 1 1 0 0 1 0 0 0 1 1 1 0 1 1 0 1 1 1 1 0 0 1 0 1 0 1 1 0 1 1 0 0 1 1 0 0 0 1 0 0 0 0 1 1 0 1 1 0 1 1 0 1 0 1 0 1 0 0 1 1 0 0 0 1 1 0 0 0 1 0 1 1 0 0 1 1 0 0 0 1 0 1 1 0 1 0 0 1 1 1 1 1 0 0 0 0 0 1 0 0 1 1 1 0 1 0 0 1 0 0 1 0 1 0 1 0 1 1 0 1 1 1 0 0 1 0 1 1 1 0 0 1 0 0 1 1 0 0 1 1 1 1 1 0 1 1 1 1 0 0 1 0 1 0 0 1 0 1 0 1 0 1 1 1 1
162 167 -674092072
92 94 -828735619
155 157 -36582753
75 80 -119272513
57 64 -480044144
144 150 -833329994
72 82 -908858847
3 7 -432537509
62 71 -212259251
154 158 -269332402
18 21 -602680846
28 30 -391466180
37 43 -468699521
53 54 -53212155
92 93 -583460440
129 133 -780933710
155 166 -515632210
131 132 -271737098
187 188 -672745309
140 153 -248433731
81 83 -478420787
192 194 -889018541
28 37 -70808586
158 169 -713380235
120 124 -577489242
66 69 -46091053
72 76 -522092534
93 97 -282894100
176 178 -892669539
13 23 -12353069
178 179 -146891085
82 90 -50863663
129 131 -279587061
57 58 -325308965
147 152 -613135572
13 17 -972367462
157 160 -976106014
53 55 -724280093
117 122 -553544261
169 170 -18465057
2 6 -313396507
19 22 -172087675
30 36 -712197281
3 9 -756411857
51 52 -646990996
176 182 -885279039
96 99 -387160160
72 84 -878277086
199 200 -368433825
108 109 -731614483
107 114 -79673357
40 47 -185279240
162 163 -482075690
63 70 -472207268
52 53 -364931459
29 44 -893578839
34 41 -636153577
10 11 -73826556
143 145 -166253834
118 128 -224738287
175 180 -633907477
1 3 -531404435
54 68 -856376722
29 34 -380056189
4 5 -636456690
17 27 -365688199
31 32 -868030546
182 183 -45088110
20 24 -73868399
190 192 -999549133
30 33 -596771196
34 46 -373276471
73 77 -3546831
130 137 -347674564
134 136 -611735246
58 66 -452152151
195 198 -54367904
78 81 -900946145
111 112 -202304417
12 15 -751569781
94 100 -176518667
179 187 -60697187
140 143 -666780059
73 75 -529323715
29 31 -341385751
58 59 -205925499
114 116 -425077285
1 2 -898562219
195 197 -246668501
108 110 -9423173
20 25 -39300251
140 149 -944260550
154 156 -692872458
11 12 -713417842
126 127 -140266563
145 147 -281130045
134 135 -801670395
28 29 -43406635
113 120 -486530223
56 63 -553854763
74 87 -254517857
52 56 -902069795
44 50 -847579571
109 113 -926881413
60 67 -518886674
166 168 -368535377
107 108 -295679703
36 38 -627615032
138 151 -620286362
107 119 -981650399
51 65 -834426859
175 176 -457375091
32 49 -330255768
57 62 -58468364
154 155 -240702432
96 104 -557091818
180 181 -996387778
129 130 -409153300
181 185 -778162582
138 139 -583175926
141 144 -952559467
51 57 -887869636
112 117 -742091449
76 78 -388739770
141 142 -425053409
93 95 -711011970
160 164 -84694838
108 115 -850846735
123 126 -692272191
11 16 -146816700
154 165 -596601973
92 106 -366185572
109 125 -515510269
87 91 -859874923
139 140 -332291977
190 196 -803560204
17 26 -188238703
78 88 -774203578
157 159 -893607697
2 4 -414506584
28 35 -633217840
113 118 -10963319
97 101 -101367428
182 184 -367153999
177 186 -733817667
169 171 -694018933
16 18 -463169858
193 195 -117344852
74 85 -829153001
43 48 -536769136
101 102 -735154943
102 103 -12203930
146 148 -799566599
169 172 -399639432
11 13 -935314429
156 162 -581711324
32 42 -756723376
57 60 -852741334
72 73 -245763673
81 86 -488828076
97 105 -435191084
176 177 -281062188
58 61 -448077955
177 189 -580782644
138 141 -547970031
155 161 -41680515
94 98 -462170935
10 14 -610696917
76 79 -774975729
2 8 -672551766
172 174 -311883539
15 19 -730509929
110 111 -6581577
115 123 -754875716
95 96 -486447023
34 39 -318546887
138 146 -66061148
107 121 -90865220
10 20 -755717422
191 193 -589166691
72 74 -270176676
44 45 -779420329
168 173 -288733036
33 40 -533368314
76 89 -406443663
190 191 -495064285
131 134 -912567471
