1
200 198 199 99
-151353921 -227559910 -130961703 -931465056 -854711680 -804755589 -109576790 -22650383 -117847926 -249679424 -517067858 -340663035 -982366731 -505270399 -748575748 -793266292 -159420949 -238836839 -12131139 -988373443 -144550613 -363456801 -819018053 -292065901 -606869614 -250979268 -200669230 -877779622 -166751428 -464220840 -225082287 -898853359 -356567191 -901956284 -565365363 -938852683 -168027473 -47837207 -484488832 -975462712 -311964421 -32486242 -918381940 -443470695 -383159453 -146512166 -459072365 -284753934 -187683948 -531909723 -389312036 -686720729 -696759865 -533744100 -483613440 -616315645 -187281007 -841764873 -128399374 -721975577 -757107637 -459642502 -422301055 -745368280 -167608022 -912573940 -671943884 -747125684 -118410540 -86812606 -213107169 -990221577 -693228838 -771391635 -806489457 -870976409 -996989442 -526906549 -343394174 -445637439 -475033582 -68047120 -239337049 -163334941 -595723846 -342996674 -985236730 -774060109 -193785079 -401227173 -323330943 -858441925 -941201448 -296304928 -748714836 -596860245 -408117407 -627294740 -977443145 -439210348 -27066176 -479117050 -547123785 -720276117 -397479606 -159798820 -604648760 -659612822 -304765781 -222677600 -4600565 -854602728 -917045761 -914248400 -596223039 -878213808 -716897002 -561596670 -767643016 -219417389 -861416597 -613031604 -417701876 -894748989 -103834060 -408586123 -535926417 -514397840 -905455178 -263713276 -750098490 -598872624 -556012896 -414971820 -79166947 -220124569 -881489087 -646478162 -26240145 -532895566 -829635923 -139951798 -396388234 -946366360 -319964743 -736571970 -829517779 -661565984 -494517068 -607536560 -456249847 -625808883 -292888950 -365906872 -577128959 -315966157 -984410164 -698668125 -359883682 -846518730 -713634505 -353154975 -631040602 -219056597 -367446749 -22730430 -134285593 -475750662 -460648305 -727105261 -491844140 -279016892 -401264215 -877728285 -528571667 -633152877 -612266747 -977314945 -759134243 -847966236 -614436884 -502911061 -597182390 -171399901 -219518325 -789412337 -744146612 -67704474 -453992580 -97630457 -774894004 -113680897 -83453019 -828756722 -468808310 -303539957 -270130364 -802410750 -53619734 -787108473
0 0 1 0 1 0 1 1 1 1 1 1 0 0 0 0 1 1 0 0 1 0 1 0 0 1 0 0 0 0 0 1 1 1 1 0 0 0 0 0 0 0 1 0 0 0 0 1 0 0 1 1 0 0 1 1 1 0 1 0 0 0 0 0 1 1 1 1 0 1 1 1 0 1 0 1 0 0 0 1 1 1 0 1 1 0 1 1 0 0 0 1 1 1 0 1 0 1 0 1 1 0 1 1 1 1 0 0 1 1 0 0 0 0 0 1 1 1 1 1 0 1 1 1 0 1 0 0 0 1 0 0 1 0 0 0 1 1 1 1 1 1 0 1 1 0 0 1 1 0 0 1 1 0 1 0 0 0 1 1 0 0 1 0 0 0 1 0 0 1 1 1 1 0 1 0 1 0 1 1 0 0 1 0 1 1 0 1 1 1 0 1 1 0 0 1 0 0 0 1
73 192 -97264535
51 55 -294670653
44 76 -412667472
125 132 -682034148
119 169 -305253442
67 100 -559765746
35 125 -685242285
5 157 -92581484
23 88 -818692231
39 77 -206007973
85 175 -850173804
44 159 -940855223
4 8 -595951353
3 34 -287517300
92 98 -832091938
6 7 -635174252
85 141 -253515296
5 9 -776715700
12 38 -582676068
36 46 -866641665
58 160 -704531865
42 44 -771790397
72 91 -437996392
8 187 -310110581
82 140 -737827654
2 15 -470836552
67 74 -573465586
77 102 -655610415
7 178 -182504243
7 12 -377295583
81 123 -464587089
7 54 -643992107
26 41 -779639548
10 36 -955230987
39 185 -122573593
41 47 -352232771
57 106 -406283302
92 165 -415736292
103 163 -986801596
26 63 -616279229
7 35 -738747141
50 139 -968368388
26 127 -608016695
67 80 -217800404
58 67 -552839052
8 23 -549055543
17 99 -127493382
20 92 -941550054
23 78 -672193087
62 104 -133449242
14 40 -910812466
2 58 -796908370
3 62 -625223675
44 75 -342099809
11 173 -240667540
17 26 -672413400
153 183 -451621736
12 138 -835747464
14 158 -136733218
64 69 -876775023
28 101 -959231815
18 37 -458806545
122 181 -77942931
108 190 -475528490
7 118 -172134415
101 172 -611247551
25 191 -623638835
182 200 -875774819
21 59 -37487590
9 27 -172798189
58 197 -975524682
7 21 -48024179
48 70 -124309041
115 188 -527921620
16 162 -943146225
15 130 -159399927
23 29 -128847337
14 28 -956181612
48 64 -653807964
102 166 -6888006
2 3 -978348808
107 150 -698307386
10 13 -191195485
164 177 -323878772
33 153 -511470478
6 71 -51142231
6 32 -935056395
4 25 -420755876
80 103 -706452505
125 128 -952437622
2 50 -275766578
14 186 -782756606
11 168 -747275774
93 105 -898852803
19 48 -308038945
9 33 -952305361
37 179 -84078082
33 176 -316643495
122 189 -38546599
84 114 -613946550
1 19 -657399270
75 136 -11977756
15 83 -595150445
11 196 -421592220
3 4 -924291855
92 152 -841816633
3 86 -815638239
17 122 -86154638
55 82 -551242992
10 22 -562019263
59 113 -543574756
99 131 -767403012
1 115 -494694414
88 117 -713396239
5 16 -162708157
19 170 -96672190
59 194 -158013657
132 156 -285433947
10 121 -939731603
4 6 -222204834
97 193 -681837295
41 109 -300045123
16 24 -618640862
12 111 -934702788
21 30 -307320257
48 110 -821304724
14 167 -766583515
144 151 -425759562
44 124 -445231146
48 174 -663028866
27 134 -764243663
44 182 -198347476
73 184 -370156409
5 17 -491126708
65 135 -246713395
17 97 -938204174
43 81 -147036644
56 89 -718680350
150 199 -548786192
25 195 -72251617
31 45 -99750527
25 96 -791281486
86 95 -271645859
77 142 -519800833
61 68 -99510724
16 20 -998764548
147 149 -990695088
16 90 -699121199
101 107 -463894493
106 119 -713998269
98 145 -429693338
14 31 -666318295
136 137 -619781629
5 10 -328596453
12 51 -397344722
31 61 -197521080
14 108 -41630421
1 14 -217637067
28 56 -908302088
25 53 -214478318
80 133 -401301129
145 155 -999503451
26 49 -279419585
28 112 -156150571
32 43 -464351873
90 148 -172904620
69 94 -284872434
3 5 -316615145
70 84 -447142237
81 93 -932736006
135 180 -593441952
55 129 -507145334
40 198 -411372903
101 147 -178161591
100 126 -985241134
25 52 -852164544
1 2 -839781103
111 144 -775439114
18 57 -723242237
121 171 -789496199
13 161 -405527309
45 87 -310435913
104 116 -160892541
47 120 -485573309
39 72 -800759368
9 11 -16503424
96 164 -752999767
6 154 -176757127
15 18 -45288325
28 39 -899989881
41 85 -882449969
22 65 -329338354
135 143 -931597711
47 79 -783222488
62 73 -481458992
63 66 -928871686
12 146 -105000354
40 60 -523776555
