1
200 195 190 95
-896465646 -576138118 -19892081 -921144046 -130639454 -60567311 -34643908 -992050828 -217651710 -23326973 -645055444 -280780242 -887968581 -741887415 -450413804 -536199450 -914536842 -184914736 -755297644 -126022234 -677856367 -679149774 -388616886 -134047930 -986176170 -183306768 -750735243 -925595197 -375796983 -854983518 -455424395 -631487178 -217888518 -19728404 -980680553 -510954436 -340037957 -605154554 -399200917 -353480159 -969294672 -683946754 -758101251 -432648540 -381112594 -368066356 -659847000 -360304865 -863425092 -954380979 -605240688 -717205519 -954123581 -80664265 -366251506 -694499224 -906033942 -768303519 -114624721 -287482893 -344393833 -246870792 -593769377 -850999844 -426222228 -871240321 -937438797 -490497343 -103807657 -479932851 -550645826 -390138615 -582039216 -621184662 -563189638 -628823778 -814770531 -5257865 -749217392 -437048953 -331140099 -312222932 -512456430 -269023982 -89731977 -35862938 -69862473 -221000426 -256374257 -711435617 -793342516 -372719664 -513061843 -688155903 -217775557 -864723240 -603181895 -18606700 -781954504 -5112354 -257618919 -62265531 -335086205 -80288940 -246854086 -154822250 -696991554 -43199456 -800917022 -399583308 -156421061 -532971537 -637723325 -830397655 -377494736 -934652164 -397041179 -889451283 -64434297 -637312708 -772232694 -377707571 -429338147 -769219912 -730830073 -104603171 -435918060 -573225790 -692905083 -399487968 -429059332 -992423396 -300623494 -317980505 -250334127 -234434021 -521445049 -216653464 -33209040 -727624183 -345334933 -771288158 -611554742 -872734200 -15114337 -642061844 -871836715 -704590476 -413950396 -622715888 -599015821 -530846285 -280474280 -640138105 -53762683 -871658876 -703233891 -213453929 -645485088 -160339144 -508384804 -647565600 -299868439 -125943887 -630483627 -242713660 -886562886 -903361984 -731594691 -149634659 -955360787 -960417801 -215444932 -357950592 -965126401 -727106663 -385275509 -581114414 -893366921 -198987011 -878015535 -344099808 -503671814 -45166581 -598258026 -886174887 -695575230 -509033608 -594255322 -114006705 -61287370 -19182268 -377525653 -902179960 -323822901 -22768133 -763346347 -532107451 -534668837 -547440699
1 1 1 1 0 1 1 0 1 1 0 1 1 0 0 1 1 0 1 1 0 0 1 0 1 0 0 1 1 0 0 0 1 0 0 1 0 0 0 0 1 1 0 1 0 1 0 0 0 0 1 0 1 1 1 0 1 0 1 0 1 0 0 1 0 1 0 1 1 0 0 1 0 0 1 0 1 0 1 0 1 0 1 0 0 0 1 1 1 1 0 0 0 1 0 0 1 0 1 0 1 1 1 0 1 0 0 1 0 1 0 0 0 1 1 1 1 1 0 1 1 0 1 1 0 0 0 0 0 0 0 0 0 1 1 0 1 1 0 0 1 0 0 1 0 1 1 0 0 0 1 0 0 0 1 1 0 1 1 1 1 0 1 0 0 1 1 0 1 0 0 0 0 1 0 1 1 0 1 0 0 1 0 1 1 1 1 1 1 1 0 1 1 1 0 0 0 1 0 1
5 7 -144667028
1 14 -214067201
131 192 -356789179
28 37 -559417366
129 141 -594861627
16 40 -811489096
13 83 -643596995
25 70 -293435341
1 30 -866199930
141 183 -531650784
30 31 -641706738
42 111 -696978271
39 128 -143242445
128 199 -38766249
25 112 -93945072
5 11 -412997077
19 102 -900358388
90 163 -51992846
130 132 -152543936
111 175 -97311666
111 127 -24524606
22 55 -508532149
155 164 -463718653
82 136 -806414050
2 6 -501615851
8 56 -441985309
47 77 -970120245
2 73 -506330392
74 197 -826963966
100 186 -525037154
8 114 -636079433
44 119 -118610426
49 123 -199690509
40 130 -517192883
113 150 -79953033
9 20 -992597524
46 59 -361043117
13 187 -649302004
59 194 -498421756
76 126 -723921511
126 156 -3344395
159 200 -696098057
61 146 -75570831
59 93 -882519767
130 159 -398711144
13 68 -261140876
16 34 -732751302
31 94 -635216350
22 151 -10851725
74 105 -165196688
28 158 -817269848
6 21 -39563081
15 44 -788216209
9 16 -865417841
3 4 -797119251
17 118 -974882825
63 96 -930890832
9 23 -128186078
95 109 -34997670
8 84 -791175381
14 115 -305886297
40 149 -774524429
83 181 -239812460
27 48 -125224325
3 17 -56396032
108 177 -98883410
92 97 -580544001
34 67 -901464750
85 153 -21123188
3 47 -87028855
133 178 -29846220
53 174 -678103841
7 13 -817372377
30 144 -970885318
28 50 -244919588
139 157 -834747388
86 113 -292596875
90 161 -681777434
15 18 -963977540
46 104 -144642145
34 43 -97652758
53 75 -307964447
123 139 -544668674
7 49 -177789859
3 52 -555976743
55 71 -798808228
117 165 -955621200
71 95 -451175209
60 134 -289341062
74 86 -375422289
54 188 -508752842
151 180 -824864129
5 27 -560641627
2 169 -41743809
83 110 -684346437
62 198 -323120953
33 191 -488741793
66 91 -190505681
105 173 -685121646
38 98 -330010469
65 182 -68414984
25 63 -53705423
73 135 -98831156
1 2 -15219122
43 66 -328889728
98 140 -43937287
5 35 -512691403
80 106 -393706990
30 32 -917026412
117 171 -48025006
24 53 -303580482
3 29 -367672005
8 54 -773121338
151 195 -450738779
61 65 -303737793
33 176 -572224616
37 129 -263873681
11 57 -810053968
15 168 -482794590
156 189 -26284177
65 76 -810000304
59 89 -188519422
17 92 -365228694
158 184 -178894690
3 22 -444052102
149 152 -899272499
98 190 -280198460
30 36 -864725736
121 167 -440423923
64 125 -251684325
1 8 -582795382
38 58 -734532679
184 193 -41292477
9 101 -822772134
1 46 -696156166
51 72 -854906310
30 38 -84799592
52 137 -554334947
7 116 -402291843
95 166 -81134682
10 15 -818629566
61 99 -629115229
34 79 -409731632
42 45 -19140806
106 143 -672009334
62 162 -211864763
18 51 -611781910
14 148 -445355453
112 142 -28565201
14 81 -799514709
109 120 -393537376
137 138 -478071610
77 117 -417345490
141 160 -73084364
88 124 -623434119
51 147 -900970799
6 62 -844389669
35 74 -664246977
12 28 -308200062
144 154 -435398318
120 131 -329004109
53 78 -533515025
29 33 -832769501
149 185 -455288821
2 5 -151038518
2 39 -965363449
116 196 -452790550
113 170 -954064217
9 155 -808177934
60 88 -991854044
12 145 -64138794
11 19 -234173911
113 179 -734895936
68 108 -695360923
15 82 -667280142
4 25 -508935817
12 42 -713845570
63 64 -575993244
86 90 -800788921
100 103 -654576877
2 3 -155637092
167 172 -502807958
20 121 -312428218
7 9 -179818666
4 10 -206723436
47 122 -344548989
45 69 -125615269
27 61 -445944678
29 60 -392963998
22 41 -160640747
67 100 -630057537
37 85 -656953236
11 24 -700991472
4 12 -925612968
23 133 -173837500
