1
200 194 170 85
-4 -2 -2 -1 -2 -1 0 -5 -4 -5 -4 -4 -5 -4 -1 -4 -4 -1 -1 0 -5 -3 0 -3 -3 -1 -5 0 -3 -4 -1 -4 -5 -1 -3 0 -1 -1 -4 -3 -5 0 -4 -3 -2 -1 -4 0 -3 -1 0 -3 0 -3 0 -4 -2 -3 -2 -2 -1 -4 0 -4 -4 -1 -4 -3 -4 -3 -5 -2 0 -3 -1 -3 -1 -5 -1 0 -3 -4 0 0 -5 -5 -2 -1 -3 0 0 -2 0 -2 -3 -1 -3 0 0 -1 -5 -2 -1 -3 -4 -4 0 0 -5 -4 -4 -1 -1 0 -4 -5 -5 0 0 -4 -5 -5 -1 -3 -2 -2 -3 -1 -3 -4 -3 -2 -3 -1 0 -5 -3 0 -5 -2 -2 -1 0 -1 -3 -1 -4 -5 0 -5 -3 -4 -5 -4 -2 -1 -5 -3 -4 -2 -4 0 -1 0 -3 -1 -5 0 -4 -1 -4 -3 -3 -3 0 0 -1 -2 -4 -1 -3 0 0 -4 -3 -3 -4 -2 -3 -5 0 0 -2 -3 0 0 0 -2 -5 -5
1 0 0 0 0 1 0 0 0 0 0 1 0 0 1 1 0 0 0 0 0 1 0 1 1 0 1 1 1 0 1 1 0 0 1 1 1 0 1 0 0 1 1 1 0 1 1 1 0 1 0 1 0 1 1 0 1 1 1 1 0 0 1 0 1 1 1 0 0 1 0 1 1 1 0 0 0 1 1 0 0 1 1 0 0 0 0 0 0 0 1 0 0 0 1 0 0 1 1 1 0 0 0 0 1 0 1 1 1 0 1 0 1 1 0 1 0 1 0 0 0 0 1 0 1 1 0 1 1 1 0 1 1 0 0 0 0 0 1 0 1 0 0 0 1 1 1 0 0 1 1 1 1 1 1 1 1 0 1 1 0 0 0 1 0 1 0 0 0 0 0 1 1 0 1 1 1 0 1 1 0 0 1 0 1 1 1 1 0 1 1 0 0 1 0 1 1 0 0 1
40 64 -5
1 92 -3
60 179 0
122 123 -4
16 59 -5
6 27 -2
110 198 0
61 162 -4
12 34 -2
28 114 -1
148 188 -2
43 89 -5
33 119 -1
121 163 0
127 173 0
2 5 -1
34 41 0
5 9 -1
21 72 0
14 109 -5
117 129 0
85 94 -2
77 197 -3
39 52 -4
37 68 -1
49 113 -2
54 60 0
76 95 -3
6 26 -1
86 196 0
22 42 -5
160 166 -3
98 195 -5
119 184 -1
89 161 0
4 7 -4
126 151 -5
34 87 -3
124 192 0
88 137 0
94 158 -3
97 154 -5
97 139 -3
125 177 -3
42 80 -1
1 3 -5
47 48 0
37 49 -3
19 185 0
36 43 -3
6 50 -3
1 37 0
70 84 -3
5 30 -2
109 112 -5
8 141 -2
65 174 0
7 10 -2
79 135 0
118 193 -1
7 45 -5
9 77 -1
51 106 -3
2 17 -4
33 128 0
63 83 -3
18 28 -1
15 71 -3
29 115 -3
56 117 -5
1 6 -2
87 138 -1
83 124 -2
19 102 -3
1 11 -1
9 144 -4
74 170 -1
164 169 -1
11 69 -1
24 126 0
28 67 -2
23 180 -2
19 79 -2
1 22 -2
3 46 -1
34 38 -5
38 40 -5
69 191 -2
64 110 -2
72 107 -1
38 47 0
10 53 -2
7 18 -5
18 160 -1
23 63 0
7 8 -1
25 35 -4
74 181 -3
74 93 0
98 118 -5
116 132 -2
14 86 -4
68 167 -4
16 142 0
101 155 -2
2 171 0
105 133 0
17 58 -5
53 88 -4
15 153 -3
26 134 -4
23 130 0
1 56 -4
86 108 -3
141 186 -4
23 70 -2
14 165 -5
2 16 0
18 25 -1
27 54 -5
103 164 -2
58 96 -3
65 81 0
46 51 -3
77 90 -1
28 157 -2
44 75 -2
1 14 -5
2 100 -1
9 178 -3
134 168 -1
1 2 -3
45 190 0
130 156 -5
140 146 -1
13 99 -2
11 44 0
13 24 -4
41 194 -3
81 116 -1
83 125 -5
54 85 -2
33 104 0
131 172 -3
26 32 -4
104 127 -5
5 15 -3
25 189 -2
1 78 -1
7 200 0
84 152 -1
117 150 -1
6 12 -5
9 13 -4
115 140 -5
2 57 -5
12 19 -1
49 74 -4
80 159 -3
59 73 -2
85 101 -4
17 62 0
35 131 -2
13 21 0
87 176 -5
3 4 -2
60 122 0
35 148 -1
9 120 0
24 29 -4
9 33 -2
18 39 -1
41 143 -5
183 199 -2
176 187 -3
14 66 -3
51 136 -5
32 55 -2
51 103 -4
158 175 0
12 97 -3
39 183 -1
16 105 -3
7 31 0
2 20 -1
15 36 -1
12 82 -3
16 23 -2
121 147 0
164 182 -2
13 111 -1
30 98 -3
116 145 0
5 61 -4
