1
200 198 120 60
-128780117 -221276705 -982953947 -100425730 -807080281 -713427997 -801034353 -772161000 -679112843 -105028233 -360864385 -778751079 -766339268 -76916301 -354693807 -797218383 -595043016 -448169081 -976932398 -826515001 -475705042 -766801107 -129452915 -389827638 -298381958 -892489598 -475449528 -666209222 -621919022 -8419592 -359189858 -935649651 -881640298 -942275507 -641334350 -787679771 -823647331 -450508052 -918166556 -284107461 -14480247 -768110144 -492420392 -221197876 -987761289 -369290708 -985157340 -13834788 -42160864 -899743476 -363663626 -768497728 -334917821 -26165317 -931539989 -893750357 -69321199 -48381524 -238003803 -425596821 -900953128 -634196481 -725869760 -641785545 -160359943 -721944166 -548354027 -781134441 -373054700 -770631282 -676313086 -198888751 -821791142 -630016720 -788772833 -958391391 -318879988 -576899777 -531049124 -736457516 -476704521 -633778701 -556455900 -481787396 -388590006 -997554203 -226084724 -603060182 -879052140 -130900376 -62128847 -442776664 -24823297 -123317469 -653245912 -871040322 -375526503 -296109256 -342375423 -814264841 -59021585 -4114213 -580349215 -559038284 -141139586 -753649037 -5071916 -232058681 -264339566 -795389299 -360281127 -165664913 -703265344 -762246926 -453460553 -661711453 -325546777 -669406314 -905231475 -892287087 -734878391 -870751308 -517904386 -182225342 -243114824 -708835356 -765350791 -980010813 -801907214 -79908362 -254538617 -913423346 -563389852 -500613016 -953024490 -949121999 -249105655 -953048338 -53506798 -145187930 -564678984 -264074664 -413494738 -913037213 -245553634 -572236483 -877870931 -686406835 -102122108 -97562648 -986465278 -90796577 -678109583 -259075423 -824566407 -854478255 -618476539 -827970087 -263177668 -552662499 -197373429 -438730385 -41189651 -818098226 -754124118 -718310305 -408401801 -407237464 -174463097 -295148556 -954206532 -203615964 -517599044 -217331841 -536757594 -760579292 -823238109 -551085354 -71439559 -201624683 -782383357 -731740463 -367119558 -590904508 -393817395 -995859902 -82955078 -970035803 -348251471 -753369935 -438051453 -667578629 -218622926 -541316144 -138215106 -831298437 -280937715 -313677480 -203445962 -3692665
1 0 0 1 0 1 0 1 1 1 0 1 0 0 0 1 1 1 0 0 0 1 1 1 1 1 0 1 0 1 1 1 1 1 0 1 0 0 1 1 1 1 0 1 1 0 0 0 0 1 1 0 0 1 1 1 1 1 1 0 1 1 1 1 0 1 1 1 0 1 1 0 1 0 0 0 0 0 1 1 1 1 1 1 0 0 1 0 0 1 0 1 1 0 0 1 0 1 1 1 0 1 1 1 1 1 0 1 0 0 0 0 0 1 1 1 0 0 1 1 1 0 1 1 0 0 1 1 0 1 1 1 1 0 1 0 0 0 1 0 1 1 0 0 1 1 0 1 0 1 1 0 1 1 1 1 0 1 1 0 0 1 1 1 1 0 1 1 0 0 1 1 0 0 1 0 1 1 0 1 1 1 1 1 1 0 1 0 1 1 1 1 1 0 0 0 0 0 1 1
1 3 -420596739
28 70 -805029427
12 124 -661190996
34 90 -348441305
94 199 -70434201
21 30 -611419955
115 117 -948814877
4 34 -79529808
75 93 -577814077
90 192 -927904715
20 160 -257283765
32 45 -739604840
30 127 -976883697
11 36 -397202473
96 126 -57692664
12 32 -204186236
18 72 -516584749
27 182 -38416057
108 125 -460983022
1 62 -730258830
2 4 -820108763
102 118 -908926686
116 139 -476738728
5 25 -128363899
62 119 -616379399
110 111 -80768615
35 144 -334121767
18 61 -175251703
6 87 -236245176
27 58 -395687157
116 175 -979964677
3 15 -473788080
14 88 -436840833
8 94 -961621589
17 132 -618649213
99 165 -675114745
107 179 -501971984
110 114 -299919599
77 115 -367062398
8 52 -47795721
1 145 -672462378
122 170 -145827573
32 53 -427733669
40 101 -526193339
148 166 -964654112
30 69 -274322870
45 84 -516883587
19 74 -474763468
137 188 -74589515
4 7 -386386132
14 64 -632297338
1 82 -324216746
28 31 -681844221
17 57 -49629502
22 86 -78999958
121 195 -160641167
56 75 -592948316
6 43 -578567756
6 80 -385335245
13 44 -344244111
28 96 -169186259
15 77 -489021642
23 162 -190794618
16 21 -172096328
27 51 -145668918
6 46 -22839499
38 112 -692699858
111 193 -875532459
5 16 -378809976
42 49 -253618826
17 24 -87623515
12 56 -911227682
101 154 -16150745
33 47 -718785779
22 26 -77324435
26 38 -400352347
58 174 -605071532
15 27 -720056198
9 54 -553147972
23 48 -33326431
56 65 -782031454
90 167 -995326962
44 120 -968166461
28 78 -564088037
10 130 -395441907
46 68 -107005966
114 190 -780913841
87 89 -655918717
41 83 -643482315
24 183 -168400252
102 151 -674321540
88 185 -831328179
22 91 -618928495
31 79 -255818562
38 67 -490986229
1 2 -660354127
2 5 -147759061
26 158 -349586056
37 147 -138295680
12 13 -67438286
16 28 -523218699
83 180 -210598589
46 135 -368193339
36 102 -573634768
6 71 -801062665
56 194 -582183732
2 136 -640736161
30 131 -974076914
6 81 -170010472
35 76 -629277221
15 19 -992220715
56 116 -516656850
77 105 -125854868
141 189 -148247946
16 98 -553645360
4 110 -305896342
108 197 -727538316
11 137 -372538487
12 42 -336483119
159 171 -743256069
57 103 -792997559
36 95 -448950972
76 134 -376040542
21 159 -298937155
33 66 -974818994
2 99 -224535284
53 161 -723227614
27 173 -269860396
4 97 -509250951
21 22 -367577114
20 100 -476558547
121 149 -175526292
75 143 -81898713
165 178 -195161304
6 10 -46869900
85 106 -754642667
28 140 -447534983
20 73 -906712823
13 41 -956336523
98 176 -317560701
3 9 -506824598
84 157 -538245476
43 172 -81812050
9 152 -724796921
13 35 -510601317
60 138 -884793248
114 200 -49244982
61 142 -933534287
125 141 -732531070
7 50 -936231212
9 37 -987010473
26 29 -74219300
60 184 -104961832
4 11 -261917309
28 59 -118946241
26 33 -184886738
15 18 -773973801
107 169 -493055166
92 129 -493817387
89 148 -74009686
26 113 -219915873
44 107 -815700028
145 191 -979125620
20 186 -925973908
108 133 -754130551
5 12 -933228917
47 60 -978749659
13 156 -340593305
5 20 -335401254
69 181 -570180456
35 85 -304306975
7 23 -850272474
67 128 -36029653
7 17 -965743099
78 121 -208278863
1 6 -33950804
165 168 -90187259
87 146 -844536647
85 164 -446251419
111 196 -272747807
11 104 -194447989
7 40 -185228156
1 8 -574255344
80 177 -510124224
152 155 -173025365
9 55 -517438407
2 153 -15975785
16 187 -806106401
20 109 -337344919
53 122 -744530230
6 14 -852899736
70 163 -594124981
30 108 -129902204
96 123 -433042345
54 150 -718437650
45 198 -916987819
8 39 -86758989
1 92 -299062
