1
200 199 160 80
-1000000000 -1000000000 -1000000000 -1000000000 -1000000000 -1000000000 -1000000000 -1000000000 -1000000000 -1000000000 -1000000000 -1000000000 -1000000000 -1000000000 -1000000000 -1000000000 -1000000000 -1000000000 -1000000000 -1000000000 -1000000000 -1000000000 -1000000000 -1000000000 -1000000000 -1000000000 -1000000000 -1000000000 -1000000000 -1000000000 -1000000000 -1000000000 -1000000000 -1000000000 -1000000000 -1000000000 -1000000000 -1000000000 -1000000000 -1000000000 -1000000000 -1000000000 -1000000000 -1000000000 -1000000000 -1000000000 -1000000000 -1000000000 -1000000000 -1000000000 -1000000000 -1000000000 -1000000000 -1000000000 -1000000000 -1000000000 -1000000000 -1000000000 -1000000000 -1000000000 -1000000000 -1000000000 -1000000000 -1000000000 -1000000000 -1000000000 -1000000000 -1000000000 -1000000000 -1000000000 -1000000000 -1000000000 -1000000000 -1000000000 -1000000000 -1000000000 -1000000000 -1000000000 -1000000000 -1000000000 -1000000000 -1000000000 -1000000000 -1000000000 -1000000000 -1000000000 -1000000000 -1000000000 -1000000000 -1000000000 -1000000000 -1000000000 -1000000000 -1000000000 -1000000000 -1000000000 -1000000000 -1000000000 -1000000000 -1000000000 -1000000000 -1000000000 -1000000000 -1000000000 -1000000000 -1000000000 -1000000000 -1000000000 -1000000000 -1000000000 -1000000000 -1000000000 -1000000000 -1000000000 -1000000000 -1000000000 -1000000000 -1000000000 -1000000000 -1000000000 -1000000000 -1000000000 -1000000000 -1000000000 -1000000000 -1000000000 -1000000000 -1000000000 -1000000000 -1000000000 -1000000000 -1000000000 -1000000000 -1000000000 -1000000000 -1000000000 -1000000000 -1000000000 -1000000000 -1000000000 -1000000000 -1000000000 -1000000000 -1000000000 -1000000000 -1000000000 -1000000000 -1000000000 -1000000000 -1000000000 -1000000000 -1000000000 -1000000000 -1000000000 -1000000000 -1000000000 -1000000000 -1000000000 -1000000000 -1000000000 -1000000000 -1000000000 -1000000000 -1000000000 -1000000000 -1000000000 -1000000000 -1000000000 -1000000000 -1000000000 -1000000000 -1000000000 -1000000000 -1000000000 -1000000000 -1000000000 -1000000000 -1000000000 -1000000000 -1000000000 -1000000000 -1000000000 -1000000000 -1000000000 -1000000000 -1000000000 -1000000000 -1000000000 -1000000000 -1000000000 -1000000000 -1000000000 -1000000000 -1000000000 -1000000000 -1000000000 -1000000000 -1000000000 -1000000000 -1000000000
0 1 1 0 0 0 0 0 1 0 1 0 1 0 1 1 0 0 1 1 0 0 0 0 1 0 0 1 1 1 0 1 0 0 1 0 1 0 1 0 1 0 1 1 1 1 0 1 0 0 1 0 1 0 0 0 0 1 1 0 0 0 1 1 0 1 1 0 1 1 0 0 0 0 0 1 1 0 1 0 0 1 1 1 0 0 0 0 1 1 0 1 1 0 1 0 0 0 1 1 0 0 1 0 1 0 1 1 1 0 0 0 1 0 0 1 1 0 1 1 1 1 1 0 1 1 0 0 1 0 0 0 0 0 1 1 1 1 1 0 1 1 1 0 1 0 1 1 0 1 1 1 1 1 1 1 0 1 1 1 0 1 1 0 1 0 0 0 0 0 1 0 0 0 1 1 0 0 1 1 0 1 0 0 1 1 1 1 0 0 0 1 1 1 0 0 1 0 0 0
23 39 -1000000000
23 40 -1000000000
99 122 -1000000000
66 105 -1000000000
109 137 -1000000000
141 145 -1000000000
6 53 -1000000000
171 196 -1000000000
109 111 -1000000000
143 165 -1000000000
8 81 -1000000000
41 146 -1000000000
23 126 -1000000000
7 117 -1000000000
1 5 -1000000000
4 21 -1000000000
33 170 -1000000000
62 86 -1000000000
25 47 -1000000000
10 11 -1000000000
29 112 -1000000000
66 166 -1000000000
48 113 -1000000000
109 200 -1000000000
12 192 -1000000000
33 94 -1000000000
20 74 -1000000000
35 106 -1000000000
96 136 -1000000000
14 30 -1000000000
89 121 -1000000000
43 114 -1000000000
16 79 -1000000000
5 7 -1000000000
52 144 -1000000000
9 13 -1000000000
26 42 -1000000000
4 68 -1000000000
12 36 -1000000000
2 141 -1000000000
120 169 -1000000000
92 104 -1000000000
20 99 -1000000000
78 130 -1000000000
4 88 -1000000000
36 110 -1000000000
3 24 -1000000000
25 183 -1000000000
55 115 -1000000000
3 72 -1000000000
39 173 -1000000000
140 147 -1000000000
49 194 -1000000000
29 103 -1000000000
10 52 -1000000000
8 116 -1000000000
152 177 -1000000000
3 45 -1000000000
56 108 -1000000000
1 33 -1000000000
47 132 -1000000000
38 93 -1000000000
78 131 -1000000000
5 32 -1000000000
1 77 -1000000000
38 125 -1000000000
67 83 -1000000000
43 44 -1000000000
6 14 -1000000000
50 64 -1000000000
1 48 -1000000000
31 162 -1000000000
15 25 -1000000000
49 54 -1000000000
16 75 -1000000000
2 185 -1000000000
60 160 -1000000000
27 41 -1000000000
7 34 -1000000000
1 6 -1000000000
60 101 -1000000000
58 156 -1000000000
3 23 -1000000000
41 155 -1000000000
59 133 -1000000000
82 138 -1000000000
111 120 -1000000000
4 15 -1000000000
27 69 -1000000000
69 80 -1000000000
44 63 -1000000000
2 16 -1000000000
61 129 -1000000000
7 60 -1000000000
100 139 -1000000000
63 150 -1000000000
31 57 -1000000000
41 76 -1000000000
73 98 -1000000000
16 19 -1000000000
14 97 -1000000000
122 149 -1000000000
55 152 -1000000000
126 186 -1000000000
162 180 -1000000000
4 87 -1000000000
64 96 -1000000000
4 56 -1000000000
25 142 -1000000000
11 18 -1000000000
168 188 -1000000000
24 67 -1000000000
83 197 -1000000000
1 8 -1000000000
2 29 -1000000000
47 71 -1000000000
121 134 -1000000000
6 51 -1000000000
6 22 -1000000000
120 158 -1000000000
120 164 -1000000000
88 198 -1000000000
75 85 -1000000000
51 73 -1000000000
1 2 -1000000000
19 20 -1000000000
34 172 -1000000000
105 148 -1000000000
79 109 -1000000000
182 187 -1000000000
29 82 -1000000000
85 92 -1000000000
33 191 -1000000000
35 49 -1000000000
95 119 -1000000000
114 123 -1000000000
55 89 -1000000000
13 50 -1000000000
53 59 -1000000000
104 118 -1000000000
92 163 -1000000000
166 181 -1000000000
37 176 -1000000000
47 167 -1000000000
77 151 -1000000000
38 46 -1000000000
72 140 -1000000000
77 107 -1000000000
20 58 -1000000000
6 127 -1000000000
151 157 -1000000000
99 168 -1000000000
13 38 -1000000000
112 179 -1000000000
5 26 -1000000000
12 95 -1000000000
20 35 -1000000000
109 195 -1000000000
75 143 -1000000000
4 10 -1000000000
41 189 -1000000000
54 100 -1000000000
74 84 -1000000000
135 193 -1000000000
23 66 -1000000000
15 62 -1000000000
1 4 -1000000000
26 27 -1000000000
29 128 -1000000000
114 135 -1000000000
30 65 -1000000000
58 91 -1000000000
170 190 -1000000000
167 175 -1000000000
21 124 -1000000000
93 153 -1000000000
17 90 -1000000000
138 182 -1000000000
139 184 -1000000000
20 55 -1000000000
55 78 -1000000000
7 9 -1000000000
27 28 -1000000000
5 12 -1000000000
13 43 -1000000000
2 3 -1000000000
10 37 -1000000000
50 174 -1000000000
92 102 -1000000000
163 171 -1000000000
27 31 -1000000000
118 154 -1000000000
113 161 -1000000000
43 199 -1000000000
152 159 -1000000000
6 178 -1000000000
45 61 -1000000000
4 17 -1000000000
36 70 -1000000000
