1
200 199 140 70
0 0 0 0 0 0 0 0 0 0 0 0 0 0 0 0 0 0 0 0 0 0 0 0 0 0 0 0 0 0 0 0 0 0 0 0 0 0 0 0 0 0 0 0 0 0 0 0 0 0 0 0 0 0 0 0 0 0 0 0 0 0 0 0 0 0 0 0 0 0 0 0 0 0 0 0 0 0 0 0 0 0 0 0 0 0 0 0 0 0 0 0 0 0 0 0 0 0 0 0 0 0 0 0 0 0 0 0 0 0 0 0 0 0 0 0 0 0 0 0 0 0 0 0 0 0 0 0 0 0 0 0 0 0 0 0 0 0 0 0 0 0 0 0 0 0 0 0 0 0 0 0 0 0 0 0 0 0 0 0 0 0 0 0 0 0 0 0 0 0 0 0 0 0 0 0 0 0 0 0 0 0 0 0 0 0 0 0 0 0 0 0 0 0 0 0 0 0 0 0
0 1 1 0 0 0 1 0 1 0 1 1 1 0 0 1 0 0 0 1 0 1 1 0 1 1 1 0 1 1 1 1 1 0 1 1 1 1 0 0 1 1 0 0 0 0 1 0 1 0 1 1 1 1 0 0 1 0 1 0 1 0 1 0 1 0 1 0 0 0 1 0 0 0 1 1 0 0 0 0 1 0 1 0 1 1 1 0 0 1 1 1 0 0 0 0 1 0 0 0 1 0 0 1 1 0 0 0 0 1 1 0 1 0 1 0 0 1 0 1 0 1 0 0 1 1 0 1 0 0 0 1 1 0 0 1 0 1 1 1 1 1 0 1 0 1 1 1 1 1 0 1 0 0 0 1 0 0 1 1 0 1 0 1 0 0 1 1 0 0 1 1 1 0 1 0 0 0 0 0 1 0 1 0 1 1 1 1 1 1 0 0 1 1 1 0 1 0 0 0
70 110 -804589775
82 83 -535700631
2 8 -230079258
87 142 -586523286
93 103 -954555976
53 71 -487613782
7 12 -824350889
36 38 -313250571
12 172 -136510531
79 109 -658063165
65 91 -601421238
70 96 -73564481
120 191 -535395890
6 62 -102105422
44 186 -352902039
74 138 -678745794
52 185 -552766871
115 187 -979993888
30 70 -723524279
19 30 -957138202
96 171 -306784726
99 108 -299735200
67 128 -232373068
16 41 -74728055
55 123 -85271898
91 169 -825706956
41 52 -690409510
10 127 -957408994
38 154 -658611463
43 93 -948781811
63 88 -785408582
4 42 -261193328
4 22 -915772553
8 21 -556814654
92 143 -639850146
25 183 -875260863
132 164 -959696040
3 13 -54074971
180 189 -847017265
161 190 -200137580
140 160 -933062624
6 33 -349393944
150 152 -427135463
11 26 -749912883
111 170 -364721284
100 105 -783161514
65 184 -467342187
136 162 -956795626
13 47 -429258933
25 79 -421937038
86 165 -496764784
44 117 -247300370
6 39 -596429232
5 18 -582236218
15 100 -816878252
15 20 -534185669
57 156 -699823422
100 144 -246563533
116 120 -92056053
9 102 -132314476
88 106 -60331879
70 86 -280554373
120 135 -832405875
11 40 -672169624
128 163 -343175213
2 3 -129983879
92 114 -229269866
17 32 -360746948
84 94 -272263092
26 53 -756286522
110 181 -79314363
21 72 -54564110
109 157 -131216587
159 174 -495589462
75 97 -688804908
91 124 -530002418
82 193 -842964299
11 29 -905109388
126 130 -655161152
4 9 -668426680
48 68 -204348482
135 147 -931864835
38 54 -978145627
29 125 -282637624
6 84 -396686904
3 5 -25439030
141 188 -717093018
170 182 -350673946
76 151 -578232515
98 107 -62832587
89 134 -869787717
11 161 -701872190
118 122 -153766173
4 81 -494492541
8 43 -128599052
112 131 -836446973
25 34 -812888131
1 6 -666746298
59 158 -916072627
6 7 -338715336
12 65 -776409143
134 177 -643122739
89 200 -877190963
56 90 -729334707
40 137 -472050827
15 16 -753418208
23 44 -223056454
112 194 -84431736
24 195 -266065300
30 150 -482423412
45 118 -501969661
73 112 -543914258
50 73 -43710974
12 87 -964037911
1 4 -952079964
155 196 -913320562
58 155 -417251361
2 60 -843337642
95 111 -396297134
54 77 -7906536
58 66 -211810304
6 104 -492698984
129 168 -71688391
196 198 -860993615
43 57 -179236819
1 50 -354838910
71 98 -505879140
50 167 -285277693
53 129 -628132090
7 140 -80823391
1 17 -423054382
11 61 -573106517
10 58 -395103703
11 78 -588145933
140 145 -839899277
9 10 -402043772
42 82 -596868794
12 80 -88804156
160 179 -105323486
22 63 -588989616
43 49 -689563736
51 56 -317787189
16 25 -932474031
89 159 -308596945
136 175 -156883072
10 89 -553956241
7 45 -947612620
3 15 -327867391
28 55 -33561391
9 27 -875332667
131 192 -506767108
78 92 -88557040
29 95 -733809234
76 99 -401109440
24 31 -811893931
1 14 -482268729
10 28 -373275317
80 115 -866400240
13 67 -962925214
6 166 -946961258
27 173 -152939720
33 51 -828088306
128 139 -962765080
8 132 -162838273
56 126 -786094317
8 23 -707422887
28 197 -368346084
54 76 -764317191
74 148 -834871947
31 36 -374341980
60 69 -678084780
8 24 -323752945
5 11 -871259174
1 2 -900759130
107 180 -824267201
42 85 -411787687
42 48 -50685846
18 19 -582222986
32 113 -702542382
13 75 -596298934
94 116 -242251914
15 64 -472369583
40 46 -431102499
74 149 -571557200
32 37 -626736854
115 136 -956043212
82 178 -556408911
45 141 -318284292
2 101 -998500660
68 146 -699150880
168 176 -436130876
10 153 -771048885
124 133 -329876503
6 59 -330485978
87 119 -348356248
6 199 -693179564
15 121 -392852411
19 74 -773155976
19 35 -613915906
