1
200 199 140 70
-635071028 -288753991 -70267754 -622533619 -931042086 -555066978 -865387008 -13586238 -633460023 -308152854 -391595898 -502208930 -99865370 -21903658 -881472377 -737780378 -762758682 -438073359 -932033723 -901785031 -103044143 -104502229 -862856854 -298129233 -903936191 -782518333 -712676897 -890785251 -816085613 -955708721 -789681057 -872000179 -225350012 -741687437 -916942448 -66718588 -129518468 -690330656 -173509711 -816331515 -414447236 -281772046 -210368355 -570734819 -723206935 -219017284 -668532286 -21881183 -912941884 -132773721 -340862246 -734682082 -580980828 -213418771 -254927447 -139813202 -680761923 -132330686 -290648752 -149242038 -657925424 -904173508 -426438674 -467781725 -4420305 -564292278 -488858778 -18156689 -23829817 -195381912 -954968209 -735781617 -534373730 -193572967 -191860729 -879041308 -531456278 -183714657 -602155923 -708259605 -764625883 -957147165 -392915062 -935228771 -341028350 -364577118 -977239728 -513589307 -182470267 -192319976 -34517378 -803310314 -197985035 -794994574 -408696615 -911314100 -519196445 -334998353 -92406049 -5104222 -423004478 -158862043 -329449932 -351075394 -209139458 -755833886 -930240980 -498657513 -486133442 -11386238 -487513855 -672023937 -383906612 -383097053 -148958032 -671225219 -347567981 -873925566 -535674013 -362980331 -386484277 -702272426 -953362569 -199217221 -531953035 -383006216 -400003205 -150547268 -34960727 -691566061 -966303890 -484111539 -297678538 -842035068 -372073474 -618522655 -190253661 -318384193 -958576133 -769456065 -598248231 -451661164 -414877209 -828979195 -963074525 -118433532 -608829128 -773409496 -207761611 -523768900 -387655234 -917326141 -412499425 -82271274 -761496559 -836917929 -351057156 -481708737 -27106483 -58223145 -485190418 -173253414 -36815056 -265524798 -645993562 -468824908 -694852281 -198397164 -42261213 -124257966 -135349111 -633865903 -357014009 -480105942 -441256161 -709443826 -698092020 -887125813 -355001732 -300192797 -320338994 -483564552 -792209719 -314780157 -469985269 -617055300 -222176014 -707028597 -45825323 -724692485 -500579490 -835747281 -993878276 -797918034 -391668783 -865712677 -197377231 -996606565 -300900457 -539439334
0 0 0 0 0 1 1 1 0 1 0 0 1 0 1 0 1 1 1 1 1 1 1 0 1 0 1 1 0 1 0 1 1 0 0 1 1 1 1 0 0 1 0 1 1 1 1 0 0 1 1 1 1 1 0 1 1 0 1 0 1 0 1 0 0 1 0 1 1 1 0 0 0 1 0 0 1 1 1 0 1 1 1 0 0 1 0 0 0 1 1 1 0 1 0 0 1 0 0 0 1 1 1 0 0 1 0 0 0 0 1 1 1 1 0 0 0 0 0 0 0 0 1 1 1 1 0 1 0 0 0 1 1 1 1 0 1 0 0 0 0 0 0 1 0 0 1 0 0 0 1 0 1 0 1 0 0 1 0 0 1 1 1 1 1 1 1 1 0 1 0 0 0 0 0 1 1 1 0 0 0 1 0 0 0 1 1 0 0 0 1 1 1 0 1 0 1 1 0 0
160 161 0
12 79 0
19 82 0
22 188 0
8 17 0
82 113 0
82 171 0
8 64 0
67 186 0
73 74 0
15 41 0
99 193 0
54 76 0
108 191 0
20 24 0
115 143 0
47 172 0
153 157 0
61 92 0
12 63 0
39 106 0
73 179 0
1 37 0
17 36 0
60 77 0
7 12 0
44 168 0
97 127 0
85 115 0
17 57 0
7 10 0
38 116 0
41 42 0
89 91 0
28 44 0
43 54 0
10 30 0
90 198 0
143 169 0
124 194 0
101 137 0
18 195 0
162 175 0
1 2 0
8 187 0
13 183 0
72 199 0
12 93 0
10 62 0
51 155 0
64 123 0
167 178 0
107 121 0
38 89 0
96 126 0
140 149 0
95 162 0
174 197 0
70 96 0
133 154 0
7 9 0
1 3 0
35 84 0
13 48 0
68 147 0
5 38 0
31 102 0
35 60 0
13 153 0
22 81 0
4 5 0
18 26 0
28 50 0
123 151 0
82 148 0
81 83 0
15 47 0
48 114 0
81 184 0
54 98 0
24 88 0
29 110 0
5 7 0
5 103 0
11 14 0
24 163 0
16 29 0
50 130 0
42 51 0
20 52 0
74 144 0
28 72 0
23 65 0
1 4 0
7 18 0
1 19 0
20 165 0
17 59 0
30 68 0
60 105 0
3 31 0
5 152 0
1 167 0
77 119 0
9 28 0
37 49 0
52 67 0
5 61 0
10 40 0
6 166 0
10 158 0
4 27 0
88 109 0
22 134 0
118 185 0
95 170 0
54 120 0
19 22 0
34 100 0
51 75 0
187 189 0
40 71 0
12 16 0
73 78 0
62 156 0
44 118 0
34 145 0
26 124 0
21 25 0
26 133 0
13 15 0
130 190 0
1 34 0
46 94 0
85 192 0
10 13 0
61 73 0
65 85 0
26 117 0
96 99 0
24 136 0
19 86 0
139 181 0
29 58 0
14 140 0
17 173 0
103 108 0
7 160 0
30 33 0
45 112 0
23 43 0
121 132 0
25 138 0
157 174 0
35 135 0
20 80 0
23 129 0
145 200 0
16 23 0
12 164 0
10 142 0
47 70 0
59 131 0
69 177 0
42 101 0
31 55 0
13 35 0
7 8 0
43 56 0
10 11 0
101 125 0
117 128 0
174 180 0
10 21 0
66 97 0
35 90 0
17 107 0
129 182 0
83 150 0
14 53 0
153 196 0
38 139 0
17 20 0
64 69 0
35 45 0
35 104 0
96 122 0
81 146 0
70 87 0
3 6 0
25 176 0
114 141 0
12 39 0
88 95 0
26 46 0
153 159 0
40 66 0
5 111 0
25 32 0
