1
200 199 1 0
-905349300 -661868304 -672387687 -608097738 -824456046 -880327772 -158904211 -797092309 -239046471 -976148455 -175755145 -602815036 -891270537 -901846844 -919511290 -805959281 -630045392 -612271288 -740132402 -809486159 -55359641 -39410359 -602686353 -103503056 -705015486 -922131859 -667801921 -924213272 -661253490 -839412983 -12173444 -61543700 -211864887 -318732191 -104927997 -23159723 -993109623 -64013124 -106610615 -89728340 -454479061 -798469383 -395402908 -698392691 -303096288 -316010323 -92120526 -648125685 -89236216 -363972346 -958652134 -298917372 -678105519 -878890490 -832144023 -982032836 -752552242 -945516171 -418412614 -19059213 -910199413 -376756255 -556105332 -947672437 -746571933 -580527686 -471710726 -390413488 -669239939 -130164562 -499632007 -141909997 -999973850 -50982136 -122490098 -529343832 -648968292 -470741266 -150338319 -157638997 -78533118 -468747271 -353425600 -842515626 -638382936 -586102676 -437481570 -505635955 -299392279 -594925939 -16399987 -448381172 -110487592 -895660749 -614225645 -866287945 -322508771 -119154491 -640881224 -101862477 -839009033 -514124944 -630418753 -890018460 -207464552 -204760161 -205107851 -639593800 -931361521 -305500685 -619054995 -119416761 -26695013 -770555190 -464792155 -75625360 -889961488 -603641724 -75315089 -398265785 -303659994 -773305842 -266976460 -882025671 -51853882 -275050848 -89570158 -795146040 -567496338 -241608249 -719271056 -797657715 -409889848 -516587182 -609607213 -838813802 -207191394 -552315013 -460223962 -734263672 -445845100 -579492616 -85402266 -347981005 -619457119 -62123496 -975561884 -302460713 -789497484 -244387931 -392484572 -360954659 -48194792 -379772732 -846670587 -479134076 -75327002 -328810143 -636741327 -229432725 -285158023 -438796045 -504350965 -154592755 -173215041 -105866044 -265652368 -481281563 -89801219 -79697215 -247863990 -742600294 -553254787 -943646634 -416379244 -208348390 -505505776 -332668774 -553815576 -927055068 -174484595 -697128213 -495271325 -834087539 -825236549 -103748656 -246683815 -239617086 -297308086 -559573732 -469776391 -187265469 -610399152 -183495560 -889498205 -149421594 -291891980 -657982554 -504918561 -595727273
0 0 0 1 0 0 0 1 0 1 0 0 0 0 1 1 0 0 1 0 0 0 0 1 0 0 0 0 0 1 0 0 0 0 0 0 0 0 1 1 0 0 0 1 0 0 0 0 0 0 0 1 0 1 0 0 0 0 1 0 0 0 0 1 0 1 0 1 0 1 0 0 0 0 1 0 0 1 0 1 1 1 1 1 1 1 0 0 1 1 0 1 0 0 1 0 0 1 0 0 1 1 1 1 1 1 0 0 0 0 1 0 0 0 0 0 0 1 0 0 1 0 1 1 0 0 1 0 0 1 0 0 0 0 0 0 1 0 0 1 0 0 0 0 0 0 0 1 1 1 0 0 0 0 0 1 0 1 1 1 0 0 0 1 0 0 0 1 0 0 0 1 0 0 1 0 0 0 1 0 1 1 1 0 0 1 1 1 1 1 0 1 1 1 1 0 1 0 0 1
28 60 -214366092
8 71 -881440853
163 195 -324425519
7 59 -51732277
18 34 -233212955
17 45 -737056894
53 96 -853310565
16 48 -983351206
128 173 -871249034
60 61 -585414781
79 148 -790650360
2 4 -283977319
23 29 -912223040
15 99 -611944831
144 153 -540048317
49 66 -496230110
72 86 -741054540
109 163 -691681606
24 190 -781581961
6 7 -15693790
154 175 -633190106
6 143 -317156116
63 108 -282053401
151 185 -735510571
24 58 -151788186
109 159 -763636969
85 93 -542348624
167 194 -363435303
39 55 -935881619
22 62 -234705345
104 133 -602459320
1 15 -717012710
87 111 -140134463
46 109 -884766050
16 19 -797720176
28 36 -492335741
11 35 -279579938
14 20 -94334936
33 53 -277354640
4 39 -48678922
113 130 -714464277
7 74 -141868175
38 56 -500374054
71 189 -621112011
2 42 -578547056
75 120 -613329928
63 102 -264525401
4 46 -389726663
4 136 -801638704
37 95 -260540466
15 101 -653810631
89 139 -861001982
64 91 -685754318
10 52 -251594005
39 64 -927542023
73 94 -757092741
21 44 -93380538
160 161 -841033593
6 26 -97158777
31 47 -947879388
66 90 -19727625
41 50 -756491084
56 171 -261676317
49 155 -950615543
119 141 -547209682
1 2 -103614131
74 131 -938478595
4 5 -13543956
53 112 -591792484
64 114 -4913468
37 150 -734594619
60 118 -154190891
24 25 -645941992
34 43 -513665022
105 125 -398804424
120 187 -179616138
1 199 -651519493
132 183 -801785058
29 73 -544492987
60 77 -113276798
109 165 -630702539
30 110 -17960851
39 158 -250553674
3 49 -945964670
72 132 -254587233
9 156 -552361171
17 21 -215648745
75 84 -157737728
1 8 -496569025
70 113 -413357554
62 166 -336917240
13 32 -870529313
32 82 -296924402
76 115 -837823151
65 89 -817878167
93 119 -449967539
195 200 -761529987
9 12 -589389592
33 107 -720497907
86 142 -219199322
43 154 -662676719
131 134 -290733131
157 164 -799344485
43 157 -140786714
52 160 -12834695
100 180 -763080335
10 174 -75384815
3 9 -523580727
122 129 -946916921
28 182 -140643052
12 128 -422494475
25 140 -195743503
117 186 -123004086
89 135 -553316164
17 116 -458719791
54 197 -331035174
27 105 -248060490
117 121 -349427504
5 6 -867686000
17 41 -769667475
9 27 -464290244
82 106 -363980893
2 31 -224820491
8 11 -194040587
126 127 -958176457
182 192 -145931263
25 168 -869346975
4 10 -127035349
50 177 -232304808
78 162 -517807584
101 126 -534479987
27 30 -108132627
62 79 -120331836
18 23 -900481581
122 145 -709658606
40 69 -259159303
11 37 -203209564
144 147 -964832939
7 193 -108650316
86 122 -474262086
118 198 -738371903
70 72 -766388373
30 40 -713159154
82 124 -266825225
132 188 -725311082
14 75 -17849819
128 191 -169619495
129 144 -39123455
170 196 -686074819
34 57 -230023476
18 138 -25401635
49 181 -181244515
35 70 -205970956
11 68 -22280047
5 17 -870974104
21 33 -131777989
49 67 -373763255
8 14 -15958893
35 54 -125531348
24 87 -359048803
165 176 -540804235
29 38 -419447334
48 51 -60610350
69 184 -863145273
40 85 -349981857
33 65 -521133289
43 76 -320569096
79 97 -750788960
1 3 -571097786
62 152 -893389001
50 179 -717789948
88 167 -8406830
89 169 -375473533
7 24 -726075144
11 117 -278701047
59 92 -289936177
43 78 -530637817
2 13 -994456305
59 103 -519408623
23 80 -532463127
125 137 -14035122
14 18 -123584800
144 146 -425026258
109 123 -675507269
45 81 -208544673
51 63 -493480591
25 178 -237463820
16 172 -431228284
38 149 -731726194
1 28 -745933863
113 151 -823304462
79 83 -675612053
67 104 -960847011
46 170 -442495423
5 16 -332227873
2 22 -754563419
28 88 -287536525
51 100 -736197937
27 98 -13802902
