1
200 185 150 75
-1000000000 -1000000000 -1000000000 -1000000000 -1000000000 -1000000000 -1000000000 -1000000000 -1000000000 -1000000000 -1000000000 -1000000000 -1000000000 -1000000000 -1000000000 -1000000000 -1000000000 -1000000000 -1000000000 -1000000000 -1000000000 -1000000000 -1000000000 -1000000000 -1000000000 -1000000000 -1000000000 -1000000000 -1000000000 -1000000000 -1000000000 -1000000000 -1000000000 -1000000000 -1000000000 -1000000000 -1000000000 -1000000000 -1000000000 -1000000000 -1000000000 -1000000000 -1000000000 -1000000000 -1000000000 -1000000000 -1000000000 -1000000000 -1000000000 -1000000000 -1000000000 -1000000000 -1000000000 -1000000000 -1000000000 -1000000000 -1000000000 -1000000000 -1000000000 -1000000000 -1000000000 -1000000000 -1000000000 -1000000000 -1000000000 -1000000000 -1000000000 -1000000000 -1000000000 -1000000000 -1000000000 -1000000000 -1000000000 -1000000000 -1000000000 -1000000000 -1000000000 -1000000000 -1000000000 -1000000000 -1000000000 -1000000000 -1000000000 -1000000000 -1000000000 -1000000000 -1000000000 -1000000000 -1000000000 -1000000000 -1000000000 -1000000000 -1000000000 -1000000000 -1000000000 -1000000000 -1000000000 -1000000000 -1000000000 -1000000000 -1000000000 -1000000000 -1000000000 -1000000000 -1000000000 -1000000000 -1000000000 -1000000000 -1000000000 -1000000000 -1000000000 -1000000000 -1000000000 -1000000000 -1000000000 -1000000000 -1000000000 -1000000000 -1000000000 -1000000000 -1000000000 -1000000000 -1000000000 -1000000000 -1000000000 -1000000000 -1000000000 -1000000000 -1000000000 -1000000000 -1000000000 -1000000000 -1000000000 -1000000000 -1000000000 -1000000000 -1000000000 -1000000000 -1000000000 -1000000000 -1000000000 -1000000000 -1000000000 -1000000000 -1000000000 -1000000000 -1000000000 -1000000000 -1000000000 -1000000000 -1000000000 -1000000000 -1000000000 -1000000000 -1000000000 -1000000000 -1000000000 -1000000000 -1000000000 -1000000000 -1000000000 -1000000000 -1000000000 -1000000000 -1000000000 -1000000000 -1000000000 -1000000000 -1000000000 -1000000000 -1000000000 -1000000000 -1000000000 -1000000000 -1000000000 -1000000000 -1000000000 -1000000000 -1000000000 -1000000000 -1000000000 -1000000000 -1000000000 -1000000000 -1000000000 -1000000000 -1000000000 -1000000000 -1000000000 -1000000000 -1000000000 -1000000000 -1000000000 -1000000000 -1000000000 -1000000000 -1000000000 -1000000000 -1000000000 -1000000000
0 0 1 1 0 0 1 0 0 1 1 1 0 0 1 0 0 0 1 1 1 0 0 1 0 0 0 1 0 0 0 1 1 0 1 1 1 1 1 0 1 1 1 0 1 1 1 0 0 0 1 0 1 1 0 1 1 1 0 0 1 1 1 0 0 1 1 0 1 0 0 1 1 1 0 0 0 0 1 0 1 0 1 0 1 0 0 1 1 1 1 0 0 1 0 1 0 0 0 0 0 0 0 1 1 1 0 0 1 1 0 0 1 1 0 0 1 0 1 0 1 1 1 0 1 1 1 0 1 0 1 0 0 0 0 1 0 1 0 1 0 1 0 1 1 0 1 0 0 1 1 0 0 0 0 0 0 1 1 1 1 1 1 0 0 0 0 1 1 1 1 1 1 1 1 1 0 0 0 0 0 1 0 0 0 0 0 1 0 1 1 1 1 0 0 0 1 1 0 1
152 168 -1000000000
169 170 -1000000000
114 126 -1000000000
116 125 -1000000000
173 186 -1000000000
101 106 -1000000000
97 102 -1000000000
35 37 -1000000000
11 20 -1000000000
157 164 -1000000000
116 120 -1000000000
185 189 -1000000000
1 2 -1000000000
147 163 -1000000000
114 116 -1000000000
199 200 -1000000000
138 143 -1000000000
11 12 -1000000000
27 28 -1000000000
151 152 -1000000000
82 83 -1000000000
172 185 -1000000000
1 4 -1000000000
28 32 -1000000000
70 71 -1000000000
90 91 -1000000000
106 107 -1000000000
169 173 -1000000000
161 162 -1000000000
92 105 -1000000000
136 138 -1000000000
78 85 -1000000000
53 54 -1000000000
69 70 -1000000000
113 117 -1000000000
190 192 -1000000000
26 27 -1000000000
39 52 -1000000000
5 8 -1000000000
4 5 -1000000000
193 196 -1000000000
156 159 -1000000000
147 153 -1000000000
162 167 -1000000000
116 118 -1000000000
126 131 -1000000000
14 23 -1000000000
42 50 -1000000000
108 112 -1000000000
41 47 -1000000000
136 137 -1000000000
170 171 -1000000000
147 149 -1000000000
34 35 -1000000000
53 55 -1000000000
91 97 -1000000000
139 146 -1000000000
118 129 -1000000000
148 158 -1000000000
10 13 -1000000000
29 30 -1000000000
76 81 -1000000000
158 166 -1000000000
170 179 -1000000000
98 101 -1000000000
54 56 -1000000000
150 156 -1000000000
154 157 -1000000000
58 67 -1000000000
29 31 -1000000000
13 24 -1000000000
94 96 -1000000000
37 44 -1000000000
176 182 -1000000000
13 14 -1000000000
76 80 -1000000000
11 25 -1000000000
170 184 -1000000000
140 141 -1000000000
10 19 -1000000000
175 180 -1000000000
176 181 -1000000000
35 41 -1000000000
140 142 -1000000000
56 64 -1000000000
193 195 -1000000000
119 121 -1000000000
110 111 -1000000000
59 61 -1000000000
58 60 -1000000000
125 127 -1000000000
56 57 -1000000000
170 174 -1000000000
77 87 -1000000000
35 36 -1000000000
113 115 -1000000000
37 49 -1000000000
58 65 -1000000000
1 3 -1000000000
72 75 -1000000000
86 88 -1000000000
122 124 -1000000000
37 43 -1000000000
192 193 -1000000000
113 114 -1000000000
115 119 -1000000000
69 73 -1000000000
8 9 -1000000000
76 77 -1000000000
176 178 -1000000000
98 104 -1000000000
119 123 -1000000000
135 136 -1000000000
15 16 -1000000000
3 6 -1000000000
63 66 -1000000000
108 110 -1000000000
36 48 -1000000000
38 40 -1000000000
93 98 -1000000000
6 7 -1000000000
148 165 -1000000000
12 17 -1000000000
93 99 -1000000000
16 18 -1000000000
76 78 -1000000000
136 140 -1000000000
120 122 -1000000000
68 72 -1000000000
34 39 -1000000000
125 128 -1000000000
10 22 -1000000000
157 161 -1000000000
92 95 -1000000000
179 188 -1000000000
62 63 -1000000000
68 74 -1000000000
170 175 -1000000000
91 92 -1000000000
54 58 -1000000000
87 89 -1000000000
169 183 -1000000000
41 46 -1000000000
192 194 -1000000000
122 133 -1000000000
99 103 -1000000000
77 82 -1000000000
174 187 -1000000000
27 29 -1000000000
10 11 -1000000000
150 160 -1000000000
151 155 -1000000000
137 139 -1000000000
13 15 -1000000000
190 191 -1000000000
137 144 -1000000000
38 45 -1000000000
47 51 -1000000000
27 33 -1000000000
147 148 -1000000000
115 134 -1000000000
170 172 -1000000000
92 93 -1000000000
94 100 -1000000000
149 154 -1000000000
19 21 -1000000000
118 132 -1000000000
108 109 -1000000000
149 151 -1000000000
92 94 -1000000000
197 199 -1000000000
80 84 -1000000000
148 150 -1000000000
170 176 -1000000000
135 145 -1000000000
55 59 -1000000000
197 198 -1000000000
57 62 -1000000000
68 69 -1000000000
34 38 -1000000000
128 130 -1000000000
77 79 -1000000000
76 86 -1000000000
175 177 -1000000000
41 42 -1000000000
