1
200 199 199 50
-2 -4 -4 -5 -3 -5 -2 -4 -1 -4 -5 -5 -1 0 -5 -3 -4 0 -3 -2 -2 -3 -5 0 -3 0 -3 -3 -2 -4 -2 -5 0 -5 -1 -3 0 -2 -4 -1 -3 -2 -1 -3 -2 -1 -3 -3 -2 0 -5 -5 0 0 -2 -4 0 0 -3 0 0 -3 -4 0 -2 -5 0 -3 -3 0 0 -1 -2 -4 0 -5 -2 -1 -4 0 0 0 -3 -4 -2 -5 -1 -3 -3 -1 -5 -1 -1 0 -4 -2 -3 -5 0 -3 -3 0 0 -3 0 -3 -5 -5 -3 -1 0 0 0 -2 -5 -1 -2 0 -4 -2 0 -3 -4 0 -5 0 -5 -4 -1 -1 -2 -3 -3 0 -4 -4 0 -5 0 -2 0 -1 -1 -2 0 0 -2 -5 -3 -1 -5 -1 -5 -5 -5 -1 -4 0 0 -5 0 -2 -4 -1 -4 -1 -2 0 0 -5 -1 -1 -4 0 -5 -1 -5 -1 -1 -2 -3 -4 -2 -2 -4 -3 -5 -5 -3 -1 -2 -2 -2 -1 -5 -1 -2 -2 0 -2
0 1 0 0 1 1 0 0 1 1 1 1 0 0 1 0 1 1 0 1 1 1 0 1 1 1 0 0 0 0 1 0 0 0 0 1 0 1 0 0 0 0 0 0 1 0 1 1 0 0 1 0 1 1 0 0 1 0 1 1 1 1 0 1 1 0 0 0 0 1 0 0 1 0 1 0 1 0 1 0 1 0 1 0 0 0 0 1 0 1 1 1 0 0 1 0 0 0 1 1 1 1 0 1 1 1 1 1 1 0 1 0 1 1 1 0 1 0 0 1 0 1 1 1 0 1 1 1 1 0 1 1 1 1 0 1 0 1 1 0 1 0 0 1 1 0 0 1 0 0 0 1 1 1 0 0 0 0 1 1 1 0 0 1 1 0 0 1 0 1 1 1 0 0 0 1 0 1 0 0 0 1 1 0 0 0 1 0 0 0 0 1 0 0 1 1 0 1 0 1
105 125 -2
4 118 -5
17 71 -3
1 86 -1
39 52 -1
12 25 -5
45 154 -1
53 99 -3
165 181 -1
36 100 -4
41 63 -3
39 93 0
99 197 -2
62 155 0
92 165 -3
141 145 -3
33 98 0
10 24 -3
17 35 -4
155 159 -3
40 89 -2
68 163 -5
36 43 -5
72 103 -4
83 95 -5
26 33 -5
97 182 -3
88 142 -3
65 141 -5
28 75 -3
12 34 -3
2 84 -5
36 133 -3
62 199 -4
7 139 -4
35 106 -3
63 176 -1
11 119 -3
24 29 -1
51 171 -3
41 192 -5
130 187 -1
143 196 -4
16 36 -5
124 149 -3
2 5 -4
76 150 -5
103 174 -3
40 44 -2
99 104 -5
16 64 -3
110 177 -3
59 179 -5
4 16 -1
3 9 -5
15 20 -3
23 156 0
6 13 -2
35 40 -4
80 123 -3
64 79 -5
32 85 -3
14 109 -5
5 6 -5
40 47 -4
1 4 -2
49 200 -5
33 83 -3
129 138 -3
68 108 -5
54 72 -5
47 48 -2
12 22 -2
86 131 -2
11 132 -3
48 68 -5
8 11 -4
19 81 -4
4 28 -5
151 189 -5
70 162 -2
62 191 -2
21 23 -3
122 195 -3
15 31 -4
21 101 -1
89 128 -5
114 146 -3
81 111 -3
37 170 -1
37 135 -3
75 116 0
95 126 -2
7 50 -4
130 173 -5
1 3 0
129 188 -2
5 160 -1
28 107 -4
35 169 -1
3 147 -4
32 45 0
60 102 0
115 137 -3
3 90 -2
133 151 -5
29 37 -4
30 97 -3
19 32 -5
7 8 -1
20 53 -5
69 180 -1
27 39 -2
24 55 -5
139 157 0
44 57 -2
45 61 0
40 76 -4
8 18 -1
147 158 -1
120 127 -1
56 73 -1
3 7 0
153 185 -3
6 65 -3
22 80 -1
17 77 -2
36 113 -3
12 110 -3
24 92 -5
22 27 -3
8 112 -3
7 38 0
4 70 -5
37 105 -5
41 67 -3
119 122 -4
71 82 -1
1 124 -5
9 12 0
16 148 -4
52 56 -1
125 186 -5
17 21 -3
111 121 -3
169 178 0
41 60 0
6 87 -4
42 96 0
49 143 -4
10 14 -1
115 164 -1
115 166 -1
17 183 -3
88 152 -1
9 10 -2
1 2 -2
58 115 -3
9 30 -2
3 134 -2
4 17 -4
77 161 0
143 198 0
16 19 -2
5 91 -3
10 88 0
25 46 0
52 144 -5
21 54 -5
45 129 -5
53 120 -2
75 78 -4
25 41 -2
80 168 -2
146 153 0
5 74 -4
142 193 -2
4 15 -3
29 69 -3
53 130 0
10 51 -2
123 184 0
4 62 -3
1 175 -5
75 167 -4
151 172 0
90 136 -4
18 42 -1
4 58 -4
44 59 0
39 66 -2
7 26 -1
17 94 -2
82 117 -1
2 140 -5
12 49 -4
150 194 -5
14 114 -5
153 190 -1
