1
200 196 200 3
-915433298 -867626587 -733015908 -101308842 -545995357 -89000881 -58026085 -299167682 -817751529 -846543664 -927296646 -398735216 -506201450 -638992212 -311360555 -30542992 -226309973 -909628125 -949247038 -671172311 -345299871 -22883192 -269036934 -322826491 -740622384 -785456695 -52232480 -278133166 -873049627 -968434956 -90224178 -279323870 -215434730 -531809394 -109538798 -279295811 -264086023 -860288662 -115754899 -425270898 -955612005 -369304304 -521437226 -830666652 -244292164 -785372078 -872491709 -668290432 -68338599 -451531755 -922731233 -388703670 -900635798 -180351183 -255670978 -464538962 -345698211 -882254359 -221610913 -452106039 -836561876 -427648959 -157371413 -851406685 -448908226 -803686264 -926672857 -332648786 -55691683 -702627162 -346810813 -561309487 -913766222 -496048895 -721879657 -309047179 -377071155 -243433625 -719124556 -62728626 -70016850 -512639901 -197889617 -604838495 -388800560 -938951594 -867225529 -189967942 -8902882 -90172781 -133043138 -806476455 -625297546 -795535776 -236913516 -122776978 -203681239 -409483741 -95847045 -838256026 -325965702 -432349547 -758632734 -312705345 -341249425 -3423525 -29802434 -53649927 -899261960 -86650093 -798088824 -888155410 -563113836 -3958433 -899888694 -806658276 -610709759 -561490405 -411350875 -814480437 -395736591 -400060148 -61694953 -108852134 -742604254 -869154261 -735203784 -714502771 -801314375 -126345844 -703317520 -999043221 -585234780 -46364808 -172616508 -248667588 -79543611 -918395739 -417759775 -120792476 -496733468 -34746697 -597506433 -596796642 -592624688 -454094528 -42301339 -602888832 -133234486 -205882415 -207512756 -781325989 -15247232 -298448563 -618393872 -989355827 -130631144 -180263511 -460932919 -344065135 -124908161 -523138059 -262973089 -853620898 -315506559 -254214030 -644721348 -338483312 -370339973 -221147022 -537787949 -419213037 -622401981 -92205269 -82315488 -158665054 -371172669 -379370797 -482949758 -153621520 -516860153 -89082946 -624484396 -679694788 -845881035 -777443847 -595213844 -180705547 -334791974 -606791179 -101348144 -526157940 -232875539 -968872238 -120294235 -864343593 -216616732 -388096026 -538335255 -224622898
1 1 1 1 1 1 1 1 1 1 1 1 1 1 1 1 1 1 1 1 1 1 1 1 1 1 1 1 1 1 1 1 1 1 1 1 1 1 1 1 1 1 1 1 1 1 1 1 1 1 1 1 0 1 1 1 1 1 1 1 1 1 1 1 1 1 1 1 1 1 1 1 1 1 1 1 1 1 1 1 1 1 1 1 1 1 1 1 1 1 1 1 1 1 1 1 1 1 1 1 1 1 1 1 1 1 1 1 1 1 1 1 1 1 1 1 1 1 1 1 1 1 1 1 1 1 1 1 1 1 1 1 1 1 1 1 1 1 1 1 1 1 1 1 1 1 1 1 1 1 1 1 1 1 1 1 1 1 1 1 1 1 1 1 1 1 1 1 1 1 1 1 1 1 1 1 1 1 1 1 0 0 1 1 1 1 1 1 1 1 1 1 1 1 1 1 1 1 1 1
15 77 -932764646
37 120 -729406817
67 119 -643653963
101 151 -302889857
66 71 -610048880
71 198 -543260890
45 50 -610745497
170 195 -819187282
92 154 -828491586
20 156 -413325554
95 123 -444889266
16 197 -725295005
26 83 -6903559
50 57 -361599576
3 116 -947318627
17 19 -256176954
160 186 -14857944
1 39 -70266239
63 111 -616387057
27 92 -215922747
19 101 -66125224
20 32 -450638326
24 25 -298836077
22 76 -119267022
90 98 -202553812
14 136 -978766654
40 44 -75238880
7 193 -18840529
70 110 -31160880
81 103 -451953324
87 141 -134361421
49 106 -975630845
1 4 -908449511
4 17 -64595892
97 130 -711224986
40 167 -936398810
15 183 -621278760
115 134 -872893787
34 75 -980956320
169 194 -980685504
77 90 -296900687
59 182 -200833151
7 43 -757396142
150 178 -914161803
82 153 -888121692
1 2 -421794893
25 88 -245543004
67 188 -898028710
31 85 -794041492
11 12 -498690757
17 28 -761218171
5 59 -761041130
69 185 -370415996
29 51 -97154722
88 118 -197714943
10 14 -365265969
133 160 -146412796
73 142 -103857107
2 45 -382389782
99 189 -995907987
31 140 -360673187
101 138 -997276720
35 46 -455672916
36 177 -423073466
8 42 -182785899
10 18 -859292490
34 152 -542989863
2 29 -563437295
68 187 -743827161
43 126 -717800093
60 122 -952145566
62 162 -796247862
53 102 -348958849
46 49 -573818929
76 108 -492614907
24 58 -684274863
48 192 -649183216
24 80 -603622910
26 35 -239946404
100 169 -106381300
2 3 -329891041
7 86 -983889101
69 95 -465201958
23 68 -225944378
35 139 -25756685
128 157 -670178911
15 78 -944273556
175 200 -450641507
49 145 -113297689
38 66 -351388016
100 135 -140332161
76 109 -312051256
72 79 -458184142
25 60 -708889528
27 73 -774639170
19 21 -296978491
19 24 -255695106
20 36 -303028789
12 38 -657935963
18 176 -25211398
48 97 -958967040
23 34 -272126531
33 41 -110636526
113 132 -36490030
95 180 -82733057
29 30 -494027197
79 128 -964049215
71 175 -769710586
17 40 -889749199
20 53 -257237453
107 159 -778780472
174 196 -174178488
69 94 -621550123
177 190 -332938314
17 23 -983657118
10 72 -985306143
54 56 -434304858
8 163 -649513564
123 179 -754988704
6 20 -970976300
18 22 -564365695
102 165 -141661443
50 100 -635262732
4 105 -200399699
48 96 -456921381
10 13 -949593435
59 107 -22337565
7 11 -741782911
147 174 -921833342
67 147 -238490874
2 16 -712142356
36 99 -827674456
58 168 -955100114
28 74 -336676738
149 199 -447290718
150 184 -295824111
154 171 -591140454
80 84 -466056477
10 181 -866781048
90 125 -565363819
15 54 -721454688
58 137 -409602663
65 170 -326683853
57 93 -102597277
13 26 -252822842
4 7 -979290249
57 89 -763924418
19 131 -71154516
45 155 -905903586
14 158 -52892537
81 117 -750734174
10 144 -257246010
3 15 -567362536
2 91 -487949543
51 55 -919497751
39 61 -412384506
74 113 -167766905
54 64 -151053253
9 52 -418509694
34 129 -737561903
25 143 -10785667
51 124 -463733108
10 65 -931873798
40 150 -875150129
25 133 -194734088
2 31 -15033081
122 164 -382715491
160 191 -831658340
24 127 -437811231
99 112 -178512287
18 81 -638293238
52 67 -91508488
23 48 -414012533
85 173 -410056567
48 69 -113492893
26 37 -841922538
9 62 -675308922
28 166 -769475291
120 161 -276416514
47 121 -49354676
33 63 -236216230
11 146 -280004939
1 10 -569433885
36 47 -511203940
89 149 -487763277
6 8 -506772694
17 115 -964924061
2 6 -610176101
1 5 -780987970
49 82 -532441737
97 114 -810068641
56 104 -332418974
90 148 -529302930
22 33 -623467629
8 70 -890665578
14 27 -651494908
