1
200 199 172 85
-1 -2 -1 -2 -2 0 -2 -2 -1 -1 -2 -5 -5 -2 -1 0 -1 -5 -1 -2 0 -3 -3 -2 0 -2 -3 -5 -5 -4 -3 -4 -1 -2 -3 -2 -5 -4 -2 -1 -1 -1 0 0 -3 -2 0 -3 -3 -1 -5 -1 -4 -4 -5 -4 -5 -5 -1 -5 -5 -5 0 -4 0 -3 -5 -2 -3 -1 0 0 -5 -3 -5 -1 -1 0 -3 -5 -3 -3 -4 -4 0 -4 -3 -5 -2 -5 -3 -1 0 -3 0 -3 0 -4 0 -5 -4 -4 -3 -2 -5 0 -5 -3 -2 -5 0 -1 -4 -2 -1 -3 -4 -5 -4 -4 -3 0 -5 -5 -1 -5 0 -5 -4 -3 0 -3 -2 -4 -3 -5 -2 0 -5 -5 -5 -3 -5 -4 -1 -5 -5 -3 0 -2 0 -3 -2 -5 -5 -5 -3 0 -5 -3 -3 -4 -3 -4 -5 0 -3 -3 -2 -1 -3 -1 -5 -2 0 -4 -4 -4 -3 -3 0 -4 0 0 0 -3 -5 -3 -1 -4 -5 -3 -5 -4 -1 -5 -5 -5 0 -2
1 1 1 0 0 0 1 1 1 0 0 0 1 0 1 0 1 0 0 0 1 1 1 0 0 0 1 1 1 1 1 0 0 0 0 1 1 1 1 1 0 0 1 1 1 1 1 0 1 0 0 1 1 0 1 1 0 1 1 0 1 1 1 1 0 1 0 0 0 0 1 1 1 1 1 0 1 0 1 0 0 0 1 0 1 0 1 1 1 1 0 0 1 1 1 1 0 0 0 0 1 0 1 0 1 0 1 1 0 1 1 1 1 0 1 0 1 1 1 0 1 1 0 1 0 1 0 1 1 1 0 0 1 1 1 0 0 0 0 0 1 0 1 0 1 1 0 1 1 1 0 0 0 1 1 0 1 0 1 1 1 1 1 1 0 0 1 1 0 0 0 1 1 0 1 1 0 0 1 0 0 1 1 1 0 0 1 0 0 1 1 1 1 1 1 0 1 1 1 0
149 170 0
18 188 -1
19 34 -5
4 41 -3
3 37 0
13 131 0
186 191 -2
28 146 -4
2 21 -1
52 114 0
23 109 -5
2 5 -5
1 44 -4
77 107 -3
40 82 -5
80 88 -3
108 182 -5
62 119 -3
118 158 -4
86 143 -2
16 73 -1
10 116 -1
14 77 -1
28 128 -1
5 28 0
40 47 -1
3 4 0
29 40 0
86 174 -2
83 163 -2
28 51 -3
1 2 -4
106 154 0
8 20 -3
120 185 -1
9 144 -3
18 26 -1
18 121 -5
86 94 -1
87 186 0
90 101 -2
163 193 0
115 117 -4
83 164 -4
18 181 -3
57 133 -5
11 19 -3
50 108 0
56 61 -1
2 3 -2
12 85 -4
148 155 -5
103 166 -5
57 168 -2
3 8 -3
49 60 -3
30 81 -3
2 13 -2
32 100 -1
70 103 -5
3 31 -4
32 36 -5
85 140 -2
45 71 -2
5 56 0
125 129 -3
36 68 0
55 169 -5
50 167 0
35 39 0
110 153 0
19 27 0
85 90 -1
8 99 -4
48 145 -5
24 29 -1
129 195 -3
26 79 -3
34 69 -2
26 125 0
18 22 -4
67 80 -5
48 123 0
60 70 0
30 45 -1
54 112 0
8 9 -1
71 189 -5
8 24 -1
17 18 -3
9 141 -3
88 89 -1
50 59 0
5 111 -5
161 192 -1
23 75 -5
26 52 -1
36 150 -3
15 67 -1
19 78 -4
86 120 -1
56 106 -1
126 198 -3
154 162 0
4 96 -1
14 46 -3
85 139 0
34 149 -4
47 104 -5
46 53 -4
33 134 -1
36 124 -4
35 147 -1
96 102 -2
141 179 -3
35 95 0
28 184 -3
82 93 -1
22 33 -5
1 38 -5
37 74 -4
37 138 -3
167 176 0
9 11 -3
27 30 -3
78 110 -5
148 194 -1
3 6 -2
192 196 -2
51 54 -3
46 66 -4
104 183 0
4 12 0
23 98 0
104 161 -4
140 171 -5
12 199 -3
47 130 0
45 64 -1
118 152 -2
16 57 -3
68 87 -2
102 105 -2
1 55 -1
45 137 -3
151 156 -2
26 35 -2
86 165 -3
20 91 -1
40 113 -3
58 136 -2
134 151 -4
17 135 0
64 177 -2
133 173 -4
6 49 -3
25 48 -5
17 42 -1
143 159 -1
132 142 -3
6 7 -5
60 72 0
17 23 -1
10 32 0
104 197 -5
93 180 -2
35 43 -4
42 126 -3
53 58 -1
5 84 -3
63 76 -3
57 83 -2
50 132 0
45 65 -5
17 175 -4
6 15 -5
15 17 -4
12 14 -2
40 86 0
40 148 -5
25 97 -1
79 92 -3
73 127 -2
30 118 0
5 16 -5
11 190 -4
13 157 0
23 25 0
124 160 -3
62 172 -5
61 62 -2
96 115 0
1 10 -2
38 50 -1
157 187 -5
113 200 -5
40 178 -2
28 63 0
47 122 -2
