1
200 196 184 82
-399273953 -573894994 -817863712 -431890472 -50797473 -232275011 -23756770 -101264170 -350842507 -110302318 -256797615 -951731601 -613886386 -502351181 -568625462 -851735045 -729257433 -76036207 -789937349 -433421552 -445339433 -467562588 -462683956 -693473859 -606592630 -731574621 -607821889 -12226454 -134507280 -295794785 -391070177 -130831683 -950686534 -887817307 -445691231 -160665462 -780122503 -382580173 -242852249 -941885864 -884830594 -181698802 -989219885 -235320884 -409402619 -436546794 -687228804 -886900179 -845248214 -457189494 -491792961 -205704299 -327137405 -877217410 -569882657 -681656843 -526366528 -885307941 -431784672 -656576231 -925127547 -362218891 -376838367 -415490245 -385337387 -697175499 -509111162 -919954420 -765274770 -971202829 -372804617 -932362807 -3069019 -557769703 -955849161 -980423640 -205653799 -643416340 -986602323 -114566455 -350190222 -372572157 -99839002 -293177611 -619579486 -523939510 -324794137 -793468778 -79783440 -520580084 -516727739 -832610766 -427874514 -225664966 -944016875 -599959063 -976004556 -510784626 -423449362 -631367901 -323992220 -306973974 -742616948 -134678938 -892960178 -213743074 -873546589 -148645907 -328264107 -146893103 -821583520 -68513605 -149313575 -826317394 -153553937 -802388873 -724702025 -251886647 -514665681 -505327879 -213491022 -18526858 -465173352 -753170861 -358098757 -902106552 -768344520 -774130232 -229520542 -527193189 -351887634 -974636807 -201108545 -736959190 -152176116 -767363147 -240347901 -39002233 -361067869 -725255037 -326638957 -432329723 -286010197 -212980286 -75973548 -983098482 -988274672 -967326026 -920039651 -325405000 -606237872 -610549947 -745045829 -642876899 -844658227 -302004903 -790463220 -22085248 -388245373 -341924376 -815895248 -254831266 -666981903 -941787422 -545627429 -90968166 -318731402 -754669517 -139519509 -281168373 -131465687 -889696129 -687339631 -593818404 -166093257 -229762917 -695617165 -497664842 -591522919 -61984618 -437347106 -956775353 -196120462 -520179562 -364533023 -998962941 -839602047 -16273880 -196227836 -878728164 -902054254 -596079587 -913088924 -394219103 -74808926 -194116206 -572339471 -322933997 -502341440 -316328811
1 0 1 1 0 1 0 0 0 1 0 0 0 1 0 0 0 0 1 0 0 1 0 1 0 0 0 0 0 1 1 0 0 1 0 1 1 1 0 0 0 1 0 0 0 1 0 0 0 1 1 0 1 1 1 1 0 0 0 1 1 1 0 1 0 1 1 0 0 0 0 0 0 1 1 0 1 1 0 0 0 1 1 0 1 0 0 0 0 1 1 1 1 0 0 1 0 1 0 1 0 1 0 1 0 0 1 1 0 0 0 0 0 0 0 0 1 1 1 1 0 1 0 0 1 0 0 1 0 0 0 0 0 0 1 1 0 0 0 1 1 0 0 0 0 0 0 1 1 0 0 0 0 1 0 0 1 0 1 0 1 0 1 0 0 1 1 0 1 0 1 0 1 0 1 1 1 0 0 1 1 0 0 1 1 0 0 0 0 0 0 0 1 1 1 1 0 1 0 0
80 110 0
51 189 0
32 159 0
12 107 0
25 56 0
83 179 0
5 9 0
158 181 0
5 8 0
78 172 0
62 65 0
93 200 0
29 135 0
37 63 0
43 100 0
45 123 0
43 174 0
33 138 0
97 139 0
96 171 0
100 117 0
5 24 0
18 158 0
75 77 0
158 165 0
1 166 0
34 40 0
71 150 0
10 57 0
42 160 0
34 42 0
15 36 0
165 193 0
6 11 0
41 46 0
10 70 0
10 21 0
34 53 0
29 52 0
49 120 0
135 152 0
130 151 0
13 31 0
102 164 0
31 59 0
7 13 0
1 5 0
87 155 0
87 101 0
54 125 0
84 147 0
4 14 0
60 93 0
24 195 0
32 67 0
1 2 0
107 124 0
94 188 0
15 75 0
30 48 0
2 26 0
22 133 0
5 7 0
15 99 0
22 128 0
130 131 0
63 153 0
163 170 0
50 84 0
66 85 0
112 118 0
24 33 0
110 130 0
133 142 0
7 49 0
147 154 0
94 108 0
138 173 0
78 88 0
11 199 0
34 35 0
5 39 0
18 41 0
33 103 0
44 163 0
109 121 0
34 38 0
108 111 0
58 80 0
40 66 0
30 177 0
30 145 0
13 50 0
58 62 0
34 73 0
24 27 0
110 119 0
47 134 0
8 141 0
68 76 0
24 30 0
3 4 0
8 47 0
39 144 0
130 149 0
57 94 0
26 156 0
5 116 0
161 197 0
5 32 0
9 190 0
13 16 0
109 168 0
1 6 0
33 122 0
8 97 0
13 34 0
19 113 0
133 136 0
67 90 0
23 98 0
168 185 0
14 17 0
133 187 0
16 137 0
150 162 0
3 140 0
41 115 0
80 96 0
55 105 0
139 157 0
162 186 0
8 43 0
25 29 0
3 37 0
2 3 0
21 194 0
25 58 0
66 109 0
163 169 0
18 72 0
8 148 0
2 15 0
43 45 0
31 61 0
45 92 0
122 167 0
44 54 0
20 95 0
8 19 0
38 51 0
118 126 0
66 71 0
18 64 0
34 44 0
7 10 0
43 161 0
88 127 0
68 192 0
123 196 0
11 69 0
18 20 0
138 184 0
35 83 0
22 25 0
7 146 0
25 106 0
36 74 0
91 180 0
14 129 0
39 114 0
78 79 0
30 60 0
44 82 0
47 78 0
6 132 0
54 91 0
11 104 0
69 178 0
2 22 0
7 12 0
56 68 0
129 175 0
29 112 0
81 102 0
52 86 0
25 143 0
4 55 0
138 176 0
54 182 0
17 28 0
20 23 0
66 89 0
123 183 0
3 18 0
54 81 0
