1
200 187 182 5
-1000000000 -1000000000 -1000000000 -1000000000 -1000000000 -1000000000 -1000000000 -1000000000 -1000000000 -1000000000 -1000000000 -1000000000 -1000000000 -1000000000 -1000000000 -1000000000 -1000000000 -1000000000 -1000000000 -1000000000 -1000000000 -1000000000 -1000000000 -1000000000 -1000000000 -1000000000 -1000000000 -1000000000 -1000000000 -1000000000 -1000000000 -1000000000 -1000000000 -1000000000 -1000000000 -1000000000 -1000000000 -1000000000 -1000000000 -1000000000 -1000000000 -1000000000 -1000000000 -1000000000 -1000000000 -1000000000 -1000000000 -1000000000 -1000000000 -1000000000 -1000000000 -1000000000 -1000000000 -1000000000 -1000000000 -1000000000 -1000000000 -1000000000 -1000000000 -1000000000 -1000000000 -1000000000 -1000000000 -1000000000 -1000000000 -1000000000 -1000000000 -1000000000 -1000000000 -1000000000 -1000000000 -1000000000 -1000000000 -1000000000 -1000000000 -1000000000 -1000000000 -1000000000 -1000000000 -1000000000 -1000000000 -1000000000 -1000000000 -1000000000 -1000000000 -1000000000 -1000000000 -1000000000 -1000000000 -1000000000 -1000000000 -1000000000 -1000000000 -1000000000 -1000000000 -1000000000 -1000000000 -1000000000 -1000000000 -1000000000 -1000000000 -1000000000 -1000000000 -1000000000 -1000000000 -1000000000 -1000000000 -1000000000 -1000000000 -1000000000 -1000000000 -1000000000 -1000000000 -1000000000 -1000000000 -1000000000 -1000000000 -1000000000 -1000000000 -1000000000 -1000000000 -1000000000 -1000000000 -1000000000 -1000000000 -1000000000 -1000000000 -1000000000 -1000000000 -1000000000 -1000000000 -1000000000 -1000000000 -1000000000 -1000000000 -1000000000 -1000000000 -1000000000 -1000000000 -1000000000 -1000000000 -1000000000 -1000000000 -1000000000 -1000000000 -1000000000 -1000000000 -1000000000 -1000000000 -1000000000 -1000000000 -1000000000 -1000000000 -1000000000 -1000000000 -1000000000 -1000000000 -1000000000 -1000000000 -1000000000 -1000000000 -1000000000 -1000000000 -1000000000 -1000000000 -1000000000 -1000000000 -1000000000 -1000000000 -1000000000 -1000000000 -1000000000 -1000000000 -1000000000 -1000000000 -1000000000 -1000000000 -1000000000 -1000000000 -1000000000 -1000000000 -1000000000 -1000000000 -1000000000 -1000000000 -1000000000 -1000000000 -1000000000 -1000000000 -1000000000 -1000000000 -1000000000 -1000000000 -1000000000 -1000000000 -1000000000 -1000000000 -1000000000 -1000000000 -1000000000
1 1 0 1 0 1 1 0 1 1 0 0 0 0 1 1 0 1 0 1 1 1 0 1 0 1 0 0 0 1 0 1 1 0 1 1 0 1 1 1 1 0 1 0 1 0 1 0 0 0 0 1 0 1 1 0 0 0 1 0 0 0 1 1 1 1 0 1 1 1 0 1 1 0 0 0 1 1 0 0 1 0 0 1 0 0 1 0 0 1 1 0 1 1 1 0 1 1 0 1 1 0 0 0 0 1 0 1 0 1 0 0 0 1 0 1 1 1 0 1 0 0 0 1 1 1 1 0 0 1 1 1 0 1 0 1 0 1 0 1 0 0 1 0 1 1 1 0 1 0 1 1 0 0 1 0 1 0 0 0 0 1 1 0 0 1 1 1 0 0 1 0 0 0 1 0 1 0 0 1 0 0 1 0 0 1 1 1 0 0 1 1 0 0 0 1 0 1 1 0
61 126 -1000000000
1 2 -1000000000
52 132 -1000000000
30 39 -1000000000
35 71 -1000000000
14 189 -1000000000
31 98 -1000000000
21 109 -1000000000
52 62 -1000000000
85 138 -1000000000
13 46 -1000000000
42 60 -1000000000
54 108 -1000000000
60 95 -1000000000
133 200 -1000000000
100 158 -1000000000
6 21 -1000000000
17 30 -1000000000
173 195 -1000000000
88 186 -1000000000
72 154 -1000000000
16 113 -1000000000
115 153 -1000000000
10 64 -1000000000
8 11 -1000000000
25 29 -1000000000
5 6 -1000000000
5 23 -1000000000
46 172 -1000000000
146 162 -1000000000
15 69 -1000000000
16 192 -1000000000
15 197 -1000000000
1 3 -1000000000
2 199 -1000000000
119 130 -1000000000
159 187 -1000000000
25 67 -1000000000
137 170 -1000000000
10 26 -1000000000
134 169 -1000000000
40 177 -1000000000
115 117 -1000000000
75 188 -1000000000
45 76 -1000000000
107 165 -1000000000
15 22 -1000000000
13 42 -1000000000
22 97 -1000000000
1 16 -1000000000
24 38 -1000000000
30 54 -1000000000
64 128 -1000000000
29 70 -1000000000
22 68 -1000000000
48 72 -1000000000
24 27 -1000000000
27 79 -1000000000
128 163 -1000000000
12 141 -1000000000
61 92 -1000000000
76 146 -1000000000
3 131 -1000000000
103 194 -1000000000
19 32 -1000000000
55 124 -1000000000
36 93 -1000000000
34 115 -1000000000
3 5 -1000000000
14 15 -1000000000
161 183 -1000000000
11 19 -1000000000
26 119 -1000000000
10 99 -1000000000
58 105 -1000000000
1 4 -1000000000
11 106 -1000000000
142 185 -1000000000
75 101 -1000000000
22 40 -1000000000
71 77 -1000000000
48 156 -1000000000
11 61 -1000000000
6 12 -1000000000
13 83 -1000000000
51 111 -1000000000
24 28 -1000000000
25 66 -1000000000
12 80 -1000000000
55 150 -1000000000
89 160 -1000000000
85 104 -1000000000
119 178 -1000000000
71 179 -1000000000
120 122 -1000000000
67 136 -1000000000
39 75 -1000000000
79 84 -1000000000
69 118 -1000000000
24 91 -1000000000
7 55 -1000000000
59 103 -1000000000
141 173 -1000000000
49 78 -1000000000
138 182 -1000000000
63 81 -1000000000
23 134 -1000000000
33 44 -1000000000
29 87 -1000000000
45 59 -1000000000
1 8 -1000000000
73 102 -1000000000
113 140 -1000000000
48 112 -1000000000
42 57 -1000000000
2 125 -1000000000
60 86 -1000000000
66 176 -1000000000
2 25 -1000000000
34 35 -1000000000
77 96 -1000000000
40 50 -1000000000
144 149 -1000000000
55 107 -1000000000
104 143 -1000000000
53 168 -1000000000
6 88 -1000000000
44 58 -1000000000
94 114 -1000000000
9 94 -1000000000
30 43 -1000000000
151 190 -1000000000
161 174 -1000000000
3 34 -1000000000
6 13 -1000000000
21 74 -1000000000
72 120 -1000000000
2 24 -1000000000
18 36 -1000000000
21 82 -1000000000
10 151 -1000000000
10 161 -1000000000
4 17 -1000000000
36 41 -1000000000
132 184 -1000000000
21 48 -1000000000
1 52 -1000000000
113 171 -1000000000
43 65 -1000000000
24 133 -1000000000
9 18 -1000000000
31 142 -1000000000
47 164 -1000000000
72 116 -1000000000
146 198 -1000000000
46 157 -1000000000
88 123 -1000000000
4 9 -1000000000
20 63 -1000000000
66 148 -1000000000
107 127 -1000000000
8 121 -1000000000
98 137 -1000000000
35 152 -1000000000
24 37 -1000000000
1 7 -1000000000
108 145 -1000000000
84 89 -1000000000
138 166 -1000000000
1 191 -1000000000
59 175 -1000000000
11 73 -1000000000
115 167 -1000000000
179 193 -1000000000
44 110 -1000000000
36 49 -1000000000
14 20 -1000000000
69 159 -1000000000
20 129 -1000000000
164 196 -1000000000
43 47 -1000000000
9 10 -1000000000
27 53 -1000000000
36 139 -1000000000
118 135 -1000000000
77 144 -1000000000
19 90 -1000000000
