1
200 193 56 1
-2 0 -2 -3 -3 0 -3 -1 -1 -2 -2 -4 -3 -1 0 -3 -3 -2 -3 -1 0 -4 -2 -3 -3 -1 -1 -1 -1 -1 -3 -3 -2 -5 -5 -5 0 -4 -2 -2 -4 0 -5 -4 -4 -2 -3 -1 -4 0 -2 0 -2 -4 -1 -5 -1 -3 -2 -4 -5 -4 -5 -5 0 -2 0 -1 -5 -3 -4 0 -4 -2 -1 -2 -2 -4 -4 0 -4 -5 -3 -1 -5 -5 -1 -4 0 -5 -5 0 -2 -5 0 -2 -4 -5 -4 -4 0 -2 -5 0 -2 -3 -2 -1 0 -2 0 -4 -4 -3 -1 0 -3 -1 -3 -2 -2 -5 0 0 -1 -3 -2 0 -5 -4 0 -4 -3 -4 -1 -3 -3 -5 -1 -4 -5 -4 -1 -2 -2 -2 -4 0 0 -4 -3 -3 -4 -1 -4 -5 -2 -5 -4 0 0 -4 0 0 -4 -1 -3 -2 -5 -4 -3 -3 0 -1 0 0 -2 -2 -1 -4 -4 -4 -3 -3 -4 -2 -1 -1 0 -1 -5 -4 -2 -1 -4 -4 -3 -3 -1 -1
1 1 1 1 1 1 1 1 1 1 1 1 1 1 1 1 1 1 1 1 1 1 1 1 1 1 1 1 1 1 1 1 1 1 1 1 1 1 1 1 1 1 1 1 1 1 1 1 1 1 1 1 1 1 1 1 1 1 1 1 1 1 1 1 1 1 1 1 1 1 1 1 1 1 1 1 1 1 1 1 1 1 1 1 1 1 1 1 1 1 1 1 1 1 1 1 1 1 1 1 1 1 1 1 1 1 1 1 1 1 1 1 1 1 1 1 1 1 1 1 1 1 1 1 1 1 1 1 1 1 1 1 1 1 1 1 1 1 1 1 1 1 1 1 1 1 1 1 1 1 1 1 1 1 1 1 1 1 1 1 1 1 1 1 1 1 1 1 1 1 1 1 1 1 1 1 1 1 1 1 1 1 1 1 1 1 1 0 1 1 1 1 1 1 1 1 1 1 1 1
87 109 -3
121 186 0
24 107 -1
86 174 -2
68 113 -3
35 53 0
28 85 -2
50 75 0
125 171 -2
73 83 -4
12 27 -2
1 15 0
59 182 -2
16 90 0
74 150 -5
21 153 -4
16 131 -5
11 95 -5
122 193 -4
59 156 -2
147 161 0
52 101 -3
8 32 -5
1 65 -2
64 108 -2
91 177 -4
18 31 -5
87 190 -3
92 148 0
43 141 -3
78 79 -3
33 120 -2
22 33 -2
45 180 -4
104 183 -5
33 74 -2
28 56 -1
26 42 -3
170 200 -5
25 58 -1
96 121 -1
120 134 -3
76 104 -2
6 26 -1
38 81 -3
125 192 -1
45 68 -4
23 24 0
34 105 -5
81 126 -1
31 194 -2
20 35 -1
28 57 0
111 137 -3
12 60 -4
25 49 -3
11 84 0
109 114 -3
17 41 -5
29 76 -3
50 128 -5
19 47 -1
2 6 -1
12 172 -5
13 91 -4
9 16 0
23 72 -1
69 123 0
31 143 -3
144 185 -5
44 140 -3
23 29 -3
10 14 -2
3 176 -5
154 195 -4
53 197 -4
35 130 -1
58 64 -1
107 124 -5
88 199 -4
6 52 -1
4 8 -4
36 165 0
31 125 -2
1 22 -2
4 12 -1
20 80 0
7 13 -1
84 152 -2
1 2 -3
13 167 -4
62 73 -1
73 103 0
70 88 -5
71 135 0
3 118 -2
46 158 -3
38 62 0
126 191 -1
14 34 -4
23 122 -2
53 187 -3
49 157 -3
30 55 -3
67 160 -2
55 198 -4
6 139 -4
30 136 -1
20 30 -4
5 28 -5
81 147 0
3 39 -1
10 20 -5
24 51 -5
161 188 -2
30 106 -1
109 196 -2
21 78 -2
29 69 0
1 3 -1
11 19 -4
64 116 -3
91 179 -3
81 86 -1
17 100 -1
37 59 -3
7 21 -5
3 23 -4
160 163 -3
34 38 -1
76 184 -2
3 70 -1
41 67 -4
12 82 -2
8 11 -5
24 45 -1
58 142 0
72 97 -2
3 37 -5
21 189 -2
4 71 -3
115 175 0
143 149 -5
96 178 0
59 117 0
139 162 -4
2 92 -4
13 18 -2
110 138 -4
93 155 -1
31 43 -4
63 94 -5
162 173 -3
85 87 -1
110 166 -1
3 4 -3
58 96 -2
6 40 -1
114 164 0
24 111 -1
58 63 -4
6 7 -3
18 44 -5
7 10 -2
2 48 0
52 112 0
135 145 -1
99 159 0
83 93 0
35 168 -4
4 17 -4
33 54 0
12 98 -2
100 119 -4
156 181 -4
115 170 -3
2 129 -1
91 132 -4
25 36 -4
131 144 -5
80 133 -4
51 61 -4
50 154 -5
37 50 -1
11 151 -1
79 102 0
83 115 0
78 169 -5
14 77 0
124 146 0
95 99 -4
23 110 -2
4 5 -3
