1
200 199 117 48
-8 -15 -6 -18 -19 -4 -19 -8 -19 -16 -9 -11 -17 -7 -16 -15 -11 -11 -14 -14 -6 -19 0 -5 -18 -3 -16 -11 -18 -5 -10 -9 -9 -12 -3 -11 -17 -2 -14 -3 -6 -10 -12 -18 -4 -13 0 -8 -18 -4 -6 -15 -19 -5 -1 -15 -13 -17 -5 -11 -2 -18 -8 -14 -12 -8 -19 -8 -7 -16 -3 -10 -18 -3 -6 -3 -10 -10 -1 -15 -7 -12 -16 0 -16 -1 -12 -11 -5 -19 -6 0 -3 -16 -3 -15 -8 -11 -15 -18 -8 0 -15 -3 -1 -1 -12 -13 -19 -4 -11 -17 -12 -6 -12 0 -19 -1 -2 -17 -16 -19 -20 -12 -16 -3 -9 -10 -13 -18 -15 -5 -12 -12 -18 -7 -10 -15 -10 -5 -1 -8 -12 -15 -13 -12 -12 -17 -14 -4 -12 -9 -16 -8 -10 -13 -20 0 -5 -4 -9 -1 -2 -1 -5 -4 -11 -3 -17 -16 -1 -9 -3 -1 -2 -4 -13 -4 -20 -7 -3 -7 -20 -10 -7 -3 -3 -7 -12 0 -13 -10 -19 -9 -7 0 -9 -20 -8 0
1 1 1 1 0 1 0 0 0 0 0 1 1 1 1 1 1 0 1 1 1 1 0 0 0 1 1 0 0 0 1 0 0 1 0 0 1 1 1 1 1 1 1 0 1 1 1 1 1 1 1 1 1 1 1 1 1 0 1 1 1 1 1 1 1 1 1 0 1 1 1 0 1 1 1 1 1 1 1 1 0 1 1 1 1 1 1 1 1 1 0 1 1 1 1 0 1 1 1 1 1 0 1 1 1 1 1 1 1 0 1 0 1 0 1 1 1 0 1 0 1 1 1 1 1 1 1 1 1 1 0 1 1 1 0 1 0 1 1 1 1 1 0 1 1 1 1 0 1 1 1 1 1 1 1 1 0 0 1 1 0 1 1 0 1 0 1 1 1 1 1 1 0 0 1 0 1 1 0 1 1 1 1 1 0 1 1 0 0 1 1 1 1 1 1 0 1 1 1 1
21 91 -8
26 102 -12
10 164 -12
85 124 -13
15 43 -12
49 59 -1
120 136 -13
30 110 -18
58 105 -15
48 81 -14
152 160 -3
11 33 -14
67 122 -6
88 135 -2
53 93 -5
1 153 0
133 139 -19
24 35 -10
38 45 -4
117 173 -12
62 75 -6
29 36 -2
44 115 -14
5 28 -3
11 24 -2
37 109 -7
57 99 -18
26 64 -12
18 25 -7
35 39 -5
35 174 -5
7 44 -3
117 166 -17
14 165 -3
149 177 -6
29 62 -8
95 123 -9
11 78 -3
60 158 -17
14 19 -16
7 146 -20
19 192 -9
11 12 -17
3 14 -20
30 185 -18
33 54 -8
7 51 -8
179 187 -6
6 100 -10
14 137 0
89 138 0
8 40 -18
133 145 -14
35 38 -2
42 157 -3
5 50 -4
125 169 -4
10 156 -5
68 85 -8
10 17 -12
6 8 -7
1 86 -5
171 194 -20
25 133 -9
16 20 -20
40 79 -14
3 5 -2
41 171 -11
3 77 -1
21 186 -3
75 144 -16
56 76 -10
28 117 -1
40 42 -19
9 29 -16
109 116 -9
112 168 -16
17 18 -7
132 190 -6
2 16 -11
75 180 -10
54 97 -14
6 13 -6
63 198 -4
43 119 -1
139 167 -20
3 15 -6
12 31 -4
51 83 0
100 121 -16
55 68 -14
87 155 -18
2 175 -2
89 148 -9
15 84 -12
33 37 -7
27 72 -17
7 89 -15
4 101 -16
14 74 -15
77 141 -16
100 200 -2
44 56 -19
101 149 -1
57 111 -15
111 161 -7
13 41 -13
76 96 -9
35 69 -7
1 2 -15
100 104 -6
106 131 -6
93 193 -7
6 183 0
7 87 -13
28 49 -15
8 10 -16
11 114 0
126 150 -17
27 170 -2
140 189 -14
50 132 -8
1 53 -14
97 126 -14
24 67 -10
78 112 -10
12 23 -7
26 46 -10
8 21 -19
13 65 -2
41 94 -10
62 70 -8
37 120 -7
4 6 -10
2 7 -11
124 127 -13
13 92 -15
58 71 -2
69 106 -18
142 152 -16
191 196 -8
70 188 -1
34 63 -17
48 113 -19
176 184 -15
172 195 -19
110 159 -20
9 55 -2
15 191 -1
79 162 -7
1 125 -9
57 129 -5
49 103 -17
67 88 -1
49 197 -14
20 26 -15
35 61 -9
40 52 -15
5 34 -15
37 73 -6
126 163 -1
51 82 -10
15 98 -18
48 57 -9
8 22 -7
59 176 -15
25 32 -4
14 27 0
87 128 -14
2 4 -10
51 134 -13
41 140 -9
9 80 -5
46 172 -14
64 66 -7
1 3 -16
35 58 -2
114 130 -8
4 199 -3
38 178 0
74 147 -17
59 95 -15
3 9 -18
26 143 -4
36 47 -8
85 154 -7
58 182 -15
86 108 -4
29 107 -1
10 142 -16
35 118 -3
17 179 -3
61 151 -6
6 11 -8
17 48 -15
175 181 -6
59 60 -17
52 90 -17
19 30 -17
