1
200 199 177 0
0 0 0 0 0 0 0 0 0 0 0 0 0 0 0 0 0 0 0 0 0 0 0 0 0 0 0 0 0 0 0 0 0 0 0 0 0 0 0 0 0 0 0 0 0 0 0 0 0 0 0 0 0 0 0 0 0 0 0 0 0 0 0 0 0 0 0 0 0 0 0 0 0 0 0 0 0 0 0 0 0 0 0 0 0 0 0 0 0 0 0 0 0 0 0 0 0 0 0 0 0 0 0 0 0 0 0 0 0 0 0 0 0 0 0 0 0 0 0 0 0 0 0 0 0 0 0 0 0 0 0 0 0 0 0 0 0 0 0 0 0 0 0 0 0 0 0 0 0 0 0 0 0 0 0 0 0 0 0 0 0 0 0 0 0 0 0 0 0 0 0 0 0 0 0 0 0 0 0 0 0 0 0 0 0 0 0 0 0 0 0 0 0 0 0 0 0 0 0 0
1 1 1 1 1 1 1 1 1 1 1 1 1 1 1 1 1 1 1 1 1 1 1 1 1 1 1 1 1 1 1 1 1 1 1 1 1 1 1 1 1 1 1 1 1 1 1 1 1 1 1 1 1 1 1 1 1 1 1 1 1 1 1 1 1 1 1 1 1 1 1 1 1 1 1 1 1 1 1 1 1 1 1 1 1 1 1 1 1 1 1 1 1 1 1 1 1 1 1 1 1 1 1 1 1 1 1 1 1 1 1 1 1 1 1 1 1 1 1 1 1 1 1 1 1 1 1 1 1 1 1 1 1 1 1 1 1 1 1 1 1 1 1 1 1 1 1 1 1 1 1 1 1 1 1 1 1 1 1 1 1 1 1 1 1 1 1 1 1 1 1 1 1 1 1 1 1 1 1 1 1 1 1 1 1 1 1 1 1 1 1 1 1 1 1 1 1 1 1 1
7 145 -184502679
150 180 -786562014
95 118 -691958860
182 187 -527131721
32 197 -961143423
140 164 -308546782
46 104 -989850137
129 174 -193353269
100 140 -466989290
79 110 -709114694
3 101 -851034652
88 182 -804068087
11 176 -2803027
4 43 -8876930
9 11 -735119553
50 94 -307836526
63 167 -978812611
42 77 -402408017
24 53 -787781480
16 34 -946063022
39 73 -317481701
103 136 -364037138
2 3 -772356741
40 44 -711305832
52 160 -159732778
8 119 -142653243
1 36 -373547421
68 114 -458630912
39 63 -272285910
10 24 -861053068
15 61 -643226675
61 157 -510588215
7 126 -411299678
1 5 -813212492
70 170 -775119464
22 40 -931533376
174 178 -814864925
17 18 -97359588
18 31 -942702351
8 22 -275951775
4 16 -373731436
10 184 -151065694
6 194 -637471279
24 131 -802241560
63 72 -447260447
105 111 -727425182
33 132 -882864666
150 162 -768537133
8 130 -583728381
40 52 -851655916
48 179 -857343766
24 39 -122749324
45 193 -267393474
6 9 -250176264
29 62 -345779568
23 66 -347634407
74 96 -66371412
71 146 -475205505
2 14 -344021232
11 13 -646002867
18 109 -225980990
14 150 -925056713
40 49 -14876852
43 108 -448059989
33 102 -47159258
163 188 -29551201
63 112 -583154010
3 7 -93349804
112 115 -430406578
21 60 -863122612
2 76 -453073998
72 133 -750748319
127 139 -823317529
105 125 -68569286
74 191 -657830981
25 92 -31524694
107 181 -761924812
1 2 -516614270
15 67 -802916538
37 124 -284928505
111 127 -918274195
47 86 -649188496
81 87 -661826755
4 46 -822278619
14 21 -884704868
27 32 -331830948
13 156 -890696994
89 93 -562224887
57 129 -519323586
2 8 -472184287
3 83 -692165299
34 106 -177535338
4 78 -656159348
43 51 -757129424
22 169 -917541756
88 134 -858002198
72 80 -215640143
83 84 -91696980
137 158 -403014702
50 144 -102025267
162 186 -766859833
52 147 -222821708
3 23 -994631033
5 69 -27445968
86 199 -43627650
8 175 -776498427
3 153 -594258703
22 75 -605856643
167 172 -454996203
1 19 -652628447
58 165 -430382422
56 68 -837402624
110 185 -241663786
63 70 -706824951
99 100 -995335544
39 159 -798415490
63 113 -882629904
166 171 -470487105
168 196 -798801135
95 195 -719542479
13 28 -698868180
78 122 -86552900
118 123 -827256410
57 65 -473124000
24 79 -859006360
132 138 -846061717
3 12 -770426707
15 17 -728812816
5 37 -101814854
22 192 -613705444
111 117 -198704910
42 91 -652145373
190 198 -167491289
6 10 -150508652
38 143 -831117748
1 155 -128847250
162 168 -143092147
37 163 -862324805
57 81 -415637249
35 38 -517222130
95 99 -108135637
5 6 -519989962
135 173 -507767936
11 135 -563371254
19 45 -749340757
41 128 -323727734
96 148 -711526344
18 26 -161878747
53 190 -296388038
44 57 -877833305
50 59 -652612612
39 161 -531211138
94 95 -866731090
10 48 -810428414
77 103 -349654246
4 74 -350428349
7 15 -28425276
17 41 -707436539
70 137 -487038079
1 4 -522281993
86 107 -886857024
12 54 -557127083
57 116 -740484138
68 98 -9860198
97 105 -587052166
1 50 -363067865
14 64 -428717524
187 189 -769452731
7 30 -293344226
112 120 -265011145
55 177 -452824478
22 90 -969894174
6 82 -348241760
39 88 -957847760
57 85 -292401270
4 47 -494806175
110 142 -162453242
191 200 -265643071
67 141 -141032929
66 97 -638452304
28 154 -901618087
35 151 -532317835
4 25 -841936474
4 27 -18078529
10 183 -485431024
82 166 -993678045
26 58 -297697521
6 20 -20750768
25 42 -69668214
38 56 -572248396
3 33 -558730155
28 55 -32923123
8 152 -873910621
18 29 -443909421
5 35 -34160587
126 149 -838579159
7 121 -717710129
61 71 -124076083
60 89 -323961895
