1
200 199 200 2
-17 -7 -15 -13 -7 -2 -16 -7 -15 -1 -13 -11 -20 -13 -13 -19 -16 -4 -6 -4 -15 -3 -17 -13 -6 -12 -7 -14 -2 -4 -20 -3 -20 -19 -2 -4 -4 -13 -19 -6 -10 -17 -15 -5 -11 -12 -14 -8 -6 -6 -20 -19 -6 -1 -4 -11 -4 -16 -15 -14 -9 -13 -6 -20 -13 -20 -16 -2 -1 -18 -3 -14 -12 -5 -2 -7 -4 -7 -16 -15 -18 -13 -15 -9 -1 -2 -4 -5 -11 -14 -4 -10 -8 -5 -12 -15 -8 -1 -15 0 -12 -9 -17 -14 -12 -11 -3 -9 0 -11 -16 -18 -12 -1 -2 -20 -10 -4 -9 -6 -18 -13 -10 -20 -6 -3 -16 -10 -17 -8 -8 -2 -19 -15 -10 -2 -11 -14 -6 -3 -11 -3 -8 -20 -10 -16 -20 -1 -10 -7 -11 -16 -1 -7 -5 -16 -1 -3 -8 -12 0 0 -18 -15 -17 -14 -4 -7 -9 -16 -12 -20 -4 -4 -8 -6 -14 0 -4 -13 -17 -17 -2 -12 0 -10 -3 -2 -7 -10 -19 -15 -5 0 -5 -3 -14 -1 -18 -15
0 0 0 0 0 0 0 0 0 0 0 0 0 0 0 0 0 0 0 0 0 0 0 0 0 0 0 0 0 0 0 0 0 0 0 0 0 0 0 0 0 0 0 0 0 0 0 0 0 0 0 0 0 0 0 0 0 0 0 0 0 0 0 0 0 0 0 0 0 0 0 0 0 0 0 0 0 0 0 0 0 0 0 0 0 0 0 0 0 0 0 0 0 0 0 0 0 0 0 0 0 0 0 0 1 0 0 0 0 0 0 0 0 0 0 0 0 0 0 0 0 1 0 0 0 0 0 0 0 0 0 0 0 0 0 0 0 0 0 0 0 0 0 0 0 0 0 0 0 0 0 0 0 0 0 0 0 0 0 0 0 0 0 0 0 0 0 0 0 0 0 0 0 0 0 0 0 0 0 0 0 0 0 0 0 0 0 0 0 0 0 0 0 0 0 0 0 0 0 0
69 98 -15
72 129 -20
107 125 -7
15 132 0
8 12 -20
45 88 -12
33 134 0
22 146 -11
13 113 -1
191 199 -13
13 43 -12
5 26 -10
117 162 -6
12 14 -2
6 85 -14
12 21 0
112 198 -10
58 67 -15
7 9 -18
37 80 -1
92 166 -1
42 46 -8
75 104 -8
13 28 -19
12 79 -19
1 6 0
20 76 -16
26 69 -14
3 178 -14
28 71 -10
22 40 -16
46 51 -7
14 100 -18
8 10 -15
68 148 -16
50 127 -16
3 8 -9
50 120 -16
133 138 -12
15 34 -6
46 65 -12
24 126 -6
22 117 -19
14 25 -7
13 89 -18
43 62 -20
2 19 -5
84 197 -16
32 90 -1
30 36 -11
5 7 -1
2 183 -11
63 158 -18
149 186 -14
51 179 -16
73 112 -6
6 55 -10
103 111 -5
55 167 -11
31 110 -17
11 13 -19
10 50 -12
52 91 -2
24 57 -17
46 49 -10
5 17 -2
19 118 -12
1 3 -13
6 29 -19
77 187 -4
76 107 -18
25 106 -1
17 35 -5
5 33 -13
33 94 -4
32 48 -8
60 83 -11
50 92 -10
94 114 -9
35 103 -13
44 54 -10
94 119 -10
96 172 -9
1 4 -8
14 18 -8
173 175 -15
24 37 0
39 109 -13
73 184 -9
56 61 -19
64 174 -2
68 87 0
11 47 -17
72 86 -7
9 72 -8
174 194 -18
7 56 -18
3 84 -8
34 169 -11
10 15 -14
8 24 -15
131 152 -8
119 160 -5
39 78 -15
106 156 -19
26 101 0
134 163 -4
109 147 -5
26 27 -8
10 180 -8
34 41 -2
19 128 -17
26 58 -3
1 2 -17
3 77 -18
46 64 -15
29 131 -14
26 93 -18
129 168 -16
71 95 -1
82 116 -2
30 73 -11
81 102 -6
106 124 -14
66 151 -17
61 164 -3
7 20 -3
39 193 -20
162 190 -10
38 82 -11
114 141 0
10 66 -10
30 42 -20
107 140 -6
62 171 -16
54 59 -17
111 159 -6
14 45 -7
44 177 -18
58 155 -7
9 22 -11
64 96 -6
146 154 -15
27 30 -8
140 185 -13
10 137 -11
27 39 -13
7 11 -4
11 108 -9
20 63 -17
66 149 -2
74 192 -15
42 105 -3
170 182 -11
115 121 -3
101 188 -1
38 191 -8
129 181 -3
131 176 -20
122 195 -5
6 31 -15
56 136 -6
85 200 -7
12 60 -9
12 16 -17
57 139 -7
67 99 -18
24 75 -17
119 189 -13
51 70 -15
193 196 -9
113 133 -7
23 44 -14
141 150 -5
93 143 -18
151 161 -17
141 144 -12
6 68 -17
24 97 -13
99 142 -1
42 123 -1
126 153 -8
53 145 -1
26 74 -5
5 38 -19
50 170 -4
11 122 -11
4 5 -8
40 81 -9
1 157 -10
81 135 -2
32 52 -6
13 53 -1
98 130 -5
43 115 -19
84 165 -3
31 32 -14
12 23 -4
131 173 -16
