1
200 196 182 0
0 0 0 0 0 0 0 0 0 0 0 0 0 0 0 0 0 0 0 0 0 0 0 0 0 0 0 0 0 0 0 0 0 0 0 0 0 0 0 0 0 0 0 0 0 0 0 0 0 0 0 0 0 0 0 0 0 0 0 0 0 0 0 0 0 0 0 0 0 0 0 0 0 0 0 0 0 0 0 0 0 0 0 0 0 0 0 0 0 0 0 0 0 0 0 0 0 0 0 0 0 0 0 0 0 0 0 0 0 0 0 0 0 0 0 0 0 0 0 0 0 0 0 0 0 0 0 0 0 0 0 0 0 0 0 0 0 0 0 0 0 0 0 0 0 0 0 0 0 0 0 0 0 0 0 0 0 0 0 0 0 0 0 0 0 0 0 0 0 0 0 0 0 0 0 0 0 0 0 0 0 0 0 0 0 0 0 0 0 0 0 0 0 0 0 0 0 0 0 0
1 0 1 1 1 0 0 1 1 1 0 1 1 0 0 0 0 1 1 0 1 1 1 0 1 1 1 1 1 0 1 1 0 0 0 0 0 0 1 0 1 0 1 1 0 0 1 1 0 0 1 0 1 0 1 1 1 1 1 0 1 1 0 1 0 0 1 0 1 1 0 0 0 0 1 0 1 1 1 1 1 0 1 1 1 0 1 0 1 0 0 0 0 0 1 1 0 0 0 1 1 1 1 0 1 0 1 1 0 0 0 0 0 0 1 0 0 0 1 1 1 0 0 1 1 0 0 0 0 0 0 1 1 0 0 1 0 1 0 0 1 1 0 1 1 1 1 0 0 1 1 1 0 1 1 1 1 0 1 0 0 0 0 0 0 1 1 1 0 1 0 1 1 0 1 1 1 1 1 0 0 0 1 0 0 0 0 1 0 0 1 0 0 1 1 0 0 0 0 0
9 40 -186711014
115 119 -275644488
94 121 -453302684
9 49 -838998081
10 94 -101450304
5 109 -343516534
39 45 -610321654
20 136 -697004180
97 135 -394630170
36 116 -574151558
60 67 -68917470
2 8 -107017794
48 101 -110435091
8 13 -270525175
47 128 -52923042
1 9 -242288000
52 72 -407943804
7 113 -454992920
108 124 -335729976
92 191 -915259951
2 7 -394710701
87 114 -540754233
4 43 -581656273
45 134 -929520296
17 25 -250534822
35 76 -373236949
5 30 -885640118
35 54 -835110091
112 164 -245024887
48 58 -964574642
31 185 -199630790
69 86 -497999645
132 141 -83010648
99 150 -611016967
41 64 -239532874
27 108 -682277392
89 153 -723870145
2 61 -426733967
178 197 -797785340
10 17 -68710519
6 14 -291040972
74 100 -976905899
20 39 -666244714
31 85 -296321509
53 93 -268068975
115 198 -197693649
19 42 -636026754
44 50 -977503541
131 145 -47296026
49 53 -261306316
20 55 -275588286
57 77 -865886527
71 88 -217933651
2 34 -645891608
8 176 -205283170
131 143 -655288319
1 3 -743890097
78 96 -64458446
138 139 -663787552
92 115 -320565266
1 112 -217042119
10 171 -607284868
83 97 -196415313
122 177 -829430030
28 144 -598506860
76 168 -696335232
30 90 -429304738
65 68 -100721836
44 165 -579139037
47 66 -530147043
5 24 -158522513
79 102 -802295322
19 62 -843664074
18 26 -785613313
30 146 -948486932
3 4 -106206481
20 37 -455672472
177 182 -49319603
16 158 -654731820
19 47 -545352766
157 186 -535180665
123 162 -454508085
34 111 -664031560
4 57 -417754130
4 106 -43757593
156 172 -563188895
102 131 -457478857
61 151 -327421324
15 23 -311940014
145 193 -299204356
51 60 -397156819
33 125 -642623341
31 140 -419635308
6 184 -891128127
125 180 -822331786
46 152 -474605014
118 154 -356659241
89 91 -556941357
3 12 -302096391
53 80 -115314669
75 189 -621975104
141 170 -776746872
33 46 -151293916
70 161 -330427736
7 195 -64933940
122 194 -612311870
9 27 -984098384
31 32 -296159760
42 87 -829626989
6 117 -904501463
63 173 -338778862
41 147 -298038152
55 81 -243695068
47 56 -24069394
109 129 -820901928
118 122 -225250290
4 5 -446333399
24 29 -526407711
30 33 -803982006
24 31 -696615049
9 10 -151381665
31 44 -523827841
127 138 -681780258
101 181 -30419502
37 78 -950629321
122 179 -765880276
70 127 -664698582
65 89 -369725935
4 16 -162256140
45 133 -402401379
58 65 -156734495
93 130 -614122404
121 149 -55139659
57 73 -502431389
83 190 -723452599
30 104 -834390501
19 35 -211540427
32 36 -399216024
89 169 -129281513
162 166 -503290980
53 105 -348118705
57 137 -764089918
3 6 -578654664
15 95 -376353951
97 157 -711515186
46 148 -811341134
105 126 -840286735
84 199 -763187604
40 167 -175478865
117 123 -463435944
99 107 -105888482
34 174 -46658788
70 79 -9966975
36 75 -892168676
120 160 -516204239
49 98 -742512543
35 48 -795318860
15 156 -554345096
46 59 -666870274
3 15 -9651316
5 159 -851449146
151 200 -880833762
35 51 -260957509
57 163 -990585208
189 196 -304398672
34 188 -457754775
21 178 -359097525
146 192 -261756093
66 83 -769685823
66 110 -429082212
11 18 -464090619
50 82 -236761228
6 38 -140532049
31 71 -738575766
130 183 -140299721
10 20 -736063860
30 92 -559605670
14 52 -666040149
41 69 -239775404
27 63 -54028685
13 28 -487678316
1 2 -171356144
8 11 -893137793
20 99 -158069811
24 118 -20304279
6 19 -250339900
103 155 -248656559
118 142 -982877392
14 41 -889478052
34 187 -455944976
53 103 -66791364
8 120 -999212180
5 21 -273383767
62 70 -511814044
14 22 -144254045
124 175 -702356726
