1
200 190 200 8
-3 -5 -1 -3 -5 0 -2 -4 -5 -4 -2 -5 -5 0 -3 -1 -2 -4 0 0 0 -1 -5 0 -1 0 0 -1 -5 -5 -2 0 -4 -5 -5 0 -1 -1 -5 -3 -3 -3 0 0 -3 -1 0 -5 -5 -2 -5 -5 -1 -1 -2 -4 -5 -5 -4 -1 -3 -1 -2 -3 -2 -1 -3 -1 -3 -2 -2 -1 -4 -2 -3 -5 -4 -2 -1 -4 -1 -3 -2 0 -5 -4 0 -2 -1 -2 -5 0 -5 -5 0 -1 -5 0 0 -2 -4 -3 -1 0 0 0 -1 0 -3 -5 -3 0 -3 0 0 -5 -1 0 -4 -5 -3 -4 -5 -2 0 0 0 -5 0 -2 -2 -2 0 -5 -2 -5 -1 -4 -2 0 -2 -5 -5 -2 -4 -3 -1 -4 0 -1 -4 -1 -2 -4 0 0 -5 -3 -2 -3 -3 -2 -5 -1 -1 -4 -4 -1 -4 -2 -1 -2 -2 -1 0 -3 -3 -3 -3 -4 -3 -2 -3 -2 0 -4 -1 -4 -3 -5 0 -5 -5 0 -2 -2 -1 -4 -2 -2
0 1 1 1 0 1 1 0 0 1 1 0 1 1 0 0 1 0 0 1 0 0 1 0 1 1 1 1 0 0 0 1 0 1 0 0 1 0 0 1 1 0 0 0 1 0 1 0 0 0 1 1 1 0 0 0 0 0 1 1 1 1 0 1 1 0 1 0 1 1 1 0 0 0 0 0 0 1 0 1 1 1 0 1 1 1 0 0 0 1 1 0 0 0 1 0 1 1 0 1 0 0 1 1 1 0 0 0 1 0 0 0 1 1 1 1 1 1 1 0 1 1 0 1 0 1 0 1 1 1 1 1 1 0 0 1 0 0 0 1 1 1 0 1 1 0 0 0 0 0 1 1 0 0 1 1 1 1 0 1 0 0 1 1 1 0 0 0 0 1 0 1 0 1 0 1 0 0 0 1 0 0 1 1 0 0 0 1 1 0 0 1 0 1 0 0 1 1 1 0
66 74 0
36 65 0
9 143 0
66 73 -5
67 77 0
10 173 -5
123 174 -3
24 168 -5
8 23 -3
20 92 0
4 36 0
12 57 -3
5 12 -3
69 184 -4
85 180 -5
81 142 -3
126 135 -1
6 10 -5
76 138 -4
17 22 -5
25 59 -5
15 186 -2
29 68 -3
7 32 -3
120 164 -5
33 42 0
5 7 -4
129 133 -4
75 81 0
97 121 -2
127 149 -1
6 8 -5
23 196 -4
71 103 0
119 147 -2
6 37 -3
36 38 -4
26 97 -2
9 16 -5
65 151 -1
2 4 -3
28 144 -3
24 28 -5
95 102 0
92 152 -2
106 124 -4
132 170 -2
79 145 -3
17 95 -4
111 146 0
77 137 -4
1 17 -5
12 21 -2
10 20 -2
24 51 0
83 131 -2
59 63 0
83 85 -1
72 178 -4
123 160 -2
117 156 -3
65 154 -2
46 75 0
16 120 -4
26 43 0
12 41 -2
45 72 -5
22 176 0
13 53 -3
39 162 -5
106 117 -2
49 56 -4
7 27 -4
10 15 -3
4 25 0
104 140 0
31 50 -3
30 101 -4
145 187 -4
167 188 -3
73 86 -5
6 30 -3
71 104 -1
8 9 -3
41 141 -1
140 200 -4
13 14 -4
10 87 0
116 136 -5
84 94 -1
29 89 -3
37 61 0
51 69 -2
75 199 -2
26 71 -3
19 91 -3
48 76 0
10 18 0
72 175 -5
66 183 -4
60 132 -2
145 197 -1
106 119 -3
38 125 -3
97 139 -5
31 55 0
155 195 0
69 113 0
85 127 -1
30 90 0
123 177 -4
49 191 -4
26 130 -5
82 153 -4
41 108 -4
132 134 -3
13 52 0
85 128 -5
2 40 -3
82 96 -2
39 79 -2
43 182 -2
5 35 -5
4 19 -2
10 98 0
173 193 -2
85 198 -5
164 189 -5
71 118 -2
2 3 -4
29 54 0
98 115 -3
21 48 -5
70 83 -1
2 5 -5
35 116 -2
37 67 -2
31 58 -4
44 62 -4
149 169 -3
1 6 -2
33 88 -2
14 34 -2
64 105 0
28 49 -4
169 194 -5
21 46 -5
9 80 -4
107 179 -5
90 111 -3
65 106 -1
29 78 -2
142 159 -3
53 82 -1
55 161 -2
42 126 -3
10 109 -4
80 114 -4
20 107 0
60 157 -5
49 60 -2
92 165 0
8 163 -1
22 99 -2
12 13 0
15 110 -1
115 185 -3
36 166 -2
41 171 -5
18 129 0
47 84 0
2 24 -2
88 100 -5
14 122 -2
83 181 -2
106 112 -5
104 172 -2
14 26 -1
118 167 -1
8 11 -3
91 158 0
1 192 -4
77 93 -2
7 45 -5
28 29 -2
62 123 -5
13 44 -3
27 33 -4
8 66 -4
154 190 -2
