1
200 198 189 94
-1 -3 -1 -1 -3 -2 -2 -5 -5 -2 0 -5 0 -1 -4 -5 0 -2 -3 -2 -5 -1 0 -5 -2 -2 -4 -2 -3 -5 0 0 -2 -5 -2 -3 -1 -5 -3 -1 0 -5 0 -4 0 -3 -3 -5 -2 -2 -3 -5 -2 -1 -5 -2 0 0 -3 -5 0 -1 -3 0 -5 -2 0 -3 0 -4 -1 -5 -1 -5 -3 -3 -1 -1 -1 -3 -3 -5 -2 0 -3 -2 -2 -2 -1 -1 -3 -5 -4 -2 -2 -5 -4 -1 -1 0 -4 -1 0 -3 -1 -1 -3 -1 -3 -3 0 -2 -1 -5 0 -5 0 -1 -4 -2 -4 -1 -3 -1 -2 -5 -1 -3 -4 -3 -2 -5 -5 -4 -5 0 -5 0 -3 -4 -2 0 -3 -4 0 -5 -1 -3 -1 -1 -2 -4 -3 -4 -1 -4 -1 0 -2 -2 -3 -5 -2 -2 -5 0 -2 -1 -5 0 -1 -5 -2 -5 -4 -3 -3 -1 -4 -3 -2 0 -5 -4 -2 -3 -4 -3 -4 -4 -1 -3 -3 -4 -1 -3 0 -2 0 -1
1 1 0 0 0 0 1 1 1 1 0 0 0 0 1 1 0 0 0 1 0 0 1 1 0 1 0 1 0 0 0 0 1 0 0 0 1 1 1 1 1 1 1 1 0 0 1 0 0 0 0 0 0 0 0 1 0 0 1 0 0 0 1 0 0 0 0 1 0 1 1 1 0 1 0 1 0 1 0 0 1 0 1 1 1 1 0 0 1 0 0 0 0 1 1 0 1 1 1 0 0 0 1 1 0 0 0 1 0 1 0 0 1 0 0 1 0 1 0 1 1 0 1 1 0 1 1 1 1 1 1 1 1 0 0 0 1 0 0 1 1 0 1 1 0 0 1 1 1 0 1 1 1 1 1 0 1 0 1 0 0 0 1 0 0 0 0 1 0 1 0 1 0 1 1 0 0 1 0 0 1 1 0 1 0 1 1 1 1 1 1 1 0 0 0 1 1 0 1 1
38 81 -5
116 154 -1
37 99 -2
63 190 -4
35 108 -3
185 197 0
20 22 0
103 130 -3
53 112 -5
31 94 -1
67 85 -3
74 115 -2
67 128 0
13 166 0
39 138 -2
9 87 -3
8 184 -4
2 84 -3
42 47 -1
14 93 -3
4 5 -2
35 86 0
3 6 -3
53 127 0
19 117 -5
106 188 -3
7 19 -2
34 54 -2
11 23 0
1 17 -5
4 7 -4
73 124 0
4 88 -1
3 4 -3
4 139 -4
25 52 -1
3 27 -1
89 101 -4
26 43 -5
8 45 -5
22 178 -4
81 195 -4
52 67 -2
108 122 -5
61 118 -1
25 116 0
173 191 -1
14 56 -2
171 177 -2
127 149 -3
4 142 -3
2 63 0
62 83 -2
35 147 -2
11 14 -5
53 61 -3
41 104 -4
34 75 -5
113 187 -4
20 55 -3
105 143 -4
2 13 0
16 32 -4
46 120 -5
55 89 -4
2 11 -1
1 158 -3
117 168 -2
17 180 -3
28 35 -5
47 103 0
125 134 -3
10 30 -3
1 3 -3
17 20 -5
7 12 -2
10 105 0
54 125 -3
21 37 0
41 140 -2
41 76 -1
4 24 -2
44 79 -5
133 185 -1
19 38 -1
20 33 0
65 126 0
78 152 -3
42 181 -2
3 31 -1
44 198 -3
19 65 -4
36 69 -2
29 46 0
72 102 0
65 100 -3
23 60 -2
119 133 -3
39 41 0
16 171 -2
62 73 -5
43 91 -1
60 155 -3
15 50 -5
117 121 -2
12 151 -1
19 90 -1
64 137 -2
92 131 -5
65 194 -2
26 163 0
46 132 -3
35 146 -3
78 80 0
13 119 -5
82 113 -1
42 74 -4
106 200 -3
25 82 -4
116 123 -3
10 199 -4
59 159 -5
17 107 -1
26 58 0
2 183 -5
14 77 0
12 40 0
40 153 0
9 18 0
135 145 -5
7 26 -1
21 71 0
46 48 -2
74 144 -5
104 156 -4
38 92 -1
78 167 0
127 193 -2
24 170 -4
45 129 -2
18 148 0
77 111 -4
60 64 -1
73 114 -4
125 135 -2
26 141 0
33 53 0
5 39 -2
5 16 -1
7 15 -5
178 192 0
22 25 0
61 136 -4
24 62 -2
53 78 -2
13 42 -2
1 196 -1
45 57 -5
8 161 -2
2 28 0
117 169 0
84 109 -1
57 59 -3
7 110 -4
33 106 0
14 68 -5
160 174 -4
83 186 -2
1 172 -5
16 165 -3
46 182 0
24 34 -4
86 96 -3
33 66 -1
95 97 -5
3 8 -3
16 21 -1
3 9 -2
5 10 -2
135 179 -4
1 2 0
3 44 -2
6 49 -1
117 162 -3
13 51 -1
66 95 -3
14 150 -2
52 98 -1
59 164 -3
111 189 -2
18 36 0
35 70 -5
76 176 -4
68 175 -3
38 157 -4
17 29 -2
107 173 -1
134 160 -4
