1
200 197 189 94
0 0 0 0 0 0 0 0 0 0 0 0 0 0 0 0 0 0 0 0 0 0 0 0 0 0 0 0 0 0 0 0 0 0 0 0 0 0 0 0 0 0 0 0 0 0 0 0 0 0 0 0 0 0 0 0 0 0 0 0 0 0 0 0 0 0 0 0 0 0 0 0 0 0 0 0 0 0 0 0 0 0 0 0 0 0 0 0 0 0 0 0 0 0 0 0 0 0 0 0 0 0 0 0 0 0 0 0 0 0 0 0 0 0 0 0 0 0 0 0 0 0 0 0 0 0 0 0 0 0 0 0 0 0 0 0 0 0 0 0 0 0 0 0 0 0 0 0 0 0 0 0 0 0 0 0 0 0 0 0 0 0 0 0 0 0 0 0 0 0 0 0 0 0 0 0 0 0 0 0 0 0 0 0 0 0 0 0 0 0 0 0 0 0 0 0 0 0 0 0
1 0 0 1 1 1 0 0 0 0 0 1 1 1 0 1 1 1 1 0 0 0 1 0 1 0 1 1 0 0 0 0 0 1 1 1 0 0 1 1 1 1 0 1 1 0 1 1 0 1 1 0 0 0 1 1 0 0 0 1 0 1 0 0 0 0 1 1 1 0 0 1 1 1 1 1 0 1 1 0 1 0 0 1 0 0 0 1 0 0 1 0 1 1 0 1 1 0 0 1 0 0 0 1 0 0 0 1 0 0 0 0 1 0 1 0 1 0 1 1 0 1 0 1 1 0 0 1 0 0 0 1 0 0 1 1 1 1 1 1 1 1 0 0 1 0 1 0 1 1 0 0 1 0 0 0 0 1 0 1 1 0 1 0 0 1 1 0 1 1 1 1 1 1 1 0 0 0 1 1 1 0 0 0 0 0 1 1 1 1 1 1 0 1 0 0 0 0 1 0
12 177 -591932795
12 101 -223885619
9 31 -592148364
6 8 -118918452
22 125 -485319435
30 91 -843692302
171 197 -675325261
94 176 -434702865
45 155 -882200407
8 164 -705540769
60 115 -677922992
154 169 -481416094
12 88 -739355416
15 22 -596656946
14 28 -884806431
35 70 -544387219
73 195 -175988649
29 67 -932883252
73 102 -345711363
1 12 -976450796
43 180 -315585609
10 86 -633743834
120 123 -38301517
1 4 -648845989
80 129 -603022316
10 36 -536233316
15 17 -404600275
80 83 -671940933
17 21 -810968697
52 98 -705966242
34 51 -315564419
8 20 -729989531
164 175 -604670156
119 159 -483687576
23 58 -979091902
13 41 -912965698
59 139 -863302739
11 45 -885944696
100 134 -650291773
20 50 -921129766
35 76 -126543148
190 196 -43686758
28 149 -713180109
34 193 -653807692
162 191 -28438225
56 63 -559997596
25 26 -274508455
25 59 -519506814
53 109 -137809406
47 52 -723309044
94 198 -25352108
10 82 -37972262
156 162 -454160296
16 144 -608253454
5 42 -690295302
69 107 -994193473
80 110 -304184394
75 85 -831955354
89 122 -663461283
2 66 -658690985
16 39 -134592044
57 64 -910376624
5 184 -191248267
38 185 -248445447
138 200 -164081148
6 11 -842393872
3 60 -844671372
147 174 -958312972
78 147 -396049202
26 179 -964056237
122 161 -172203071
148 186 -2793427
21 24 -657319471
20 68 -403859439
152 165 -635037733
43 199 -991654002
70 188 -506971910
5 23 -339832865
25 57 -924896046
66 94 -58135964
69 168 -927464223
79 172 -389905337
54 90 -306806230
39 77 -818657891
48 93 -611102254
2 3 -302100751
24 37 -763042392
13 79 -863751346
78 160 -622543164
79 116 -293579592
30 84 -323105503
9 34 -742917811
13 96 -680377321
23 46 -153720194
84 113 -842648278
63 105 -846942730
56 135 -32225837
9 40 -547081282
34 143 -674196157
31 38 -649805254
145 173 -715748900
46 153 -591497708
10 13 -477959365
137 166 -535109470
17 170 -116811836
1 92 -35642710
13 30 -414689631
54 126 -923016079
87 124 -209370372
2 48 -684384063
117 146 -392871197
22 190 -304276796
93 137 -249236670
4 132 -410246140
10 16 -738390713
126 151 -453061905
5 7 -689184509
111 120 -526961170
4 35 -145307805
47 75 -295159697
62 133 -997116291
4 6 -594222975
8 71 -465162545
74 89 -502591466
1 27 -763215045
43 158 -756099513
20 80 -875593505
17 78 -752085008
39 119 -62672723
118 128 -597377581
31 106 -658181305
111 140 -377744980
47 62 -505663332
13 154 -468598617
8 97 -884098821
1 14 -372768869
58 183 -917949298
3 10 -381791477
50 81 -151413447
13 18 -340417253
117 150 -45079218
5 53 -769702528
98 163 -820654748
40 192 -376861359
33 55 -796317097
90 131 -130826431
43 73 -848913441
33 74 -293397594
42 187 -231519898
4 5 -831817281
2 72 -269774347
31 33 -617205652
13 19 -742068884
44 49 -513757263
117 145 -715307081
97 189 -895392116
82 117 -8583869
104 130 -666228408
40 95 -519203052
18 54 -605760397
22 104 -769544724
3 25 -82449573
17 69 -776838451
26 47 -266282359
69 103 -532828227
9 148 -660467714
25 108 -258403269
63 100 -825793234
144 157 -704360512
59 87 -697611766
106 138 -438394876
7 118 -583547471
39 99 -882080548
100 152 -31350693
34 43 -861892834
102 178 -780712728
38 182 -581939976
48 142 -508170207
17 32 -259325837
42 171 -562004578
20 56 -162697481
35 156 -223151268
31 61 -267546979
116 141 -393744048
1 2 -516137109
124 167 -231439746
101 121 -445408319
18 44 -282303238
34 65 -695678186
22 194 -631566527
25 112 -917985818
2 9 -790275252
9 15 -614947745
94 136 -335664176
82 181 -240993740
6 29 -499420605
69 111 -694773660
