1
200 199 200 0
-948546936 -661093756 -99524619 -262202809 -930666360 -788098093 -908778243 -553519672 -970496301 -604970707 -844839046 -852699217 -106456027 -412100799 -763077901 -253178798 -97609977 -90190541 -870250530 -45335135 -294945511 -459916310 -133865954 -481919125 -809052385 -810705658 -690886511 -94676177 -558168418 -39015408 -548450967 -466863605 -922712122 -304228940 -143500877 -730506497 -910073300 -965431158 -335655536 -601820356 -987085313 -601841912 -330294321 -374072754 -743052901 -516934606 -23619444 -306995994 -712599673 -193385021 -482976504 -265610244 -541935507 -352100860 -492588306 -880109385 -966966914 -596567784 -557612455 -134245221 -554756725 -813940502 -473512225 -914998112 -71200898 -154681780 -943719940 -684823355 -18626341 -945523069 -279908428 -450339714 -401349111 -471160495 -109867346 -726310242 -264623847 -965252115 -489987305 -880766191 -34629838 -10481220 -301817447 -957346713 -296750627 -412497094 -766430220 -188369758 -300809489 -770048173 -103053069 -302556970 -348489479 -253382065 -454269960 -967897480 -88499525 -557584925 -630848712 -629259454 -93763318 -932294235 -744628108 -653776652 -878574026 -637532518 -398224264 -92896470 -118092416 -73686111 -479452191 -377639074 -586192471 -345665757 -90032207 -690731566 -75160370 -637362753 -793601844 -667771474 -289056126 -110273575 -116478401 -441329133 -598156982 -253889751 -133678215 -672223400 -173883699 -708842482 -797487906 -870783950 -137700900 -192211381 -646320328 -953309916 -483301904 -21653590 -509980818 -567786010 -656219872 -951459818 -790497500 -95687395 -279394614 -37176227 -972831160 -367989572 -215447215 -417993209 -631651188 -856662971 -110857009 -375727597 -85090153 -799408884 -839259873 -617361607 -28994422 -269505985 -577055887 -733862481 -124996625 -495192796 -824566167 -984001160 -328627514 -852242346 -426224433 -153231954 -882892441 -24612156 -183383704 -228474412 -753972057 -625506358 -22137277 -385400981 -171304117 -308693216 -91410083 -830520368 -478927242 -795409572 -795933884 -63544119 -574216297 -603543667 -829909218 -476467638 -383376635 -396658004 -343817071 -656052596 -406225637 -195303757 -478913736 -715718262 -927303995 -518547659
0 0 0 0 0 0 0 0 0 0 0 0 0 0 0 0 0 0 0 0 0 0 0 0 1 0 0 0 0 1 0 0 0 0 0 0 0 0 0 0 0 0 0 0 0 0 0 0 0 0 0 0 0 0 0 0 0 0 0 0 0 0 0 0 0 0 1 0 0 0 0 0 0 0 0 0 0 0 0 0 0 0 0 0 0 0 0 0 0 0 0 0 0 0 0 0 0 0 0 0 0 0 0 0 0 0 0 0 0 0 0 0 0 0 0 0 0 0 0 0 0 0 0 0 0 0 0 0 0 0 0 0 0 0 0 0 0 0 0 0 0 0 0 0 0 0 0 0 0 0 0 0 0 0 0 0 0 0 0 0 0 0 0 0 0 0 0 0 0 0 0 0 0 0 0 0 0 0 0 0 0 0 0 0 0 0 0 0 0 0 0 0 0 0 0 0 0 0 0 0
8 53 -326435676
3 22 -223017536
87 103 -518884220
119 179 -269534390
29 137 -840915504
21 65 -404931372
39 136 -791923367
131 180 -279639329
4 160 -504006754
67 140 -838391101
1 4 -635595918
3 12 -854332592
46 48 -987703144
16 32 -893793329
101 193 -309334335
48 114 -158246566
128 146 -163516816
12 30 -574359516
16 71 -825117870
30 95 -616756204
3 8 -519790500
28 36 -352693073
36 59 -845253103
2 5 -638157297
81 186 -181084037
19 24 -125168310
63 93 -724304833
5 20 -644028058
5 17 -130932895
12 15 -120712100
5 127 -571976758
103 172 -941793477
72 88 -469987343
9 16 -16636299
9 79 -670759512
118 199 -457689493
98 105 -859526344
108 141 -566436351
12 34 -972412482
71 152 -498355866
4 84 -336335651
120 157 -206884887
81 87 -862812952
53 138 -372241008
40 148 -777848105
4 7 -754948163
33 111 -353967790
85 173 -504150288
27 69 -960953130
22 58 -243378338
21 27 -757872921
11 41 -266990059
145 194 -797612008
128 143 -357502839
18 108 -961253428
69 125 -229231263
3 169 -828190179
55 166 -155679662
121 196 -583586307
50 62 -380915916
97 123 -942585850
25 112 -589347307
141 155 -989909136
40 54 -101937708
106 164 -845873710
28 42 -731869286
1 19 -72420422
146 200 -42229888
101 126 -141809418
39 92 -470546884
8 153 -564221022
142 184 -689590921
4 75 -550388751
37 55 -421931187
17 56 -978898368
8 31 -144215957
20 77 -874003802
68 168 -5341153
132 187 -815539718
12 121 -212158358
9 43 -592407028
3 94 -809004154
5 82 -772933245
43 131 -562192664
7 64 -776482800
37 197 -928491925
117 161 -248512902
119 190 -832122660
62 158 -415225155
3 18 -487979218
81 178 -711620759
92 109 -802351776
9 98 -104483167
93 134 -478421418
102 188 -982359732
20 33 -566919904
97 120 -300169223
6 11 -605327346
1 10 -305434697
145 149 -961045873
12 51 -442831600
10 25 -145819148
64 81 -823472985
66 70 -24117765
70 174 -931239009
69 107 -896603421
52 83 -839837603
20 74 -491027981
21 26 -258595974
32 102 -816753944
19 165 -354266322
101 113 -105962058
70 163 -809377939
48 80 -4418384
87 183 -685342316
3 156 -541866013
47 139 -995760758
14 21 -703262589
111 189 -445186447
39 45 -83082408
9 38 -183700990
116 181 -680029392
69 72 -939161986
43 66 -984832854
3 46 -819687375
110 176 -609190070
6 76 -499619991
116 119 -958166768
32 78 -166375557
110 171 -797795274
32 57 -33432545
10 99 -765602577
93 147 -238990836
5 13 -963093548
19 49 -153120702
94 135 -243459688
89 104 -563283860
66 167 -421616388
6 145 -39022141
182 198 -38498225
87 170 -237943464
98 154 -917357607
151 162 -248179064
117 177 -971104395
40 116 -699080082
17 106 -355934815
7 29 -912615101
11 118 -96830420
63 68 -458345464
82 100 -544555175
61 85 -367008899
97 192 -287428727
78 91 -859210213
71 117 -800819434
4 60 -243046921
68 124 -292757954
8 40 -590757247
30 44 -249816887
2 3 -531174454
106 195 -621476183
1 9 -356255611
64 115 -404406116
104 122 -155449395
5 39 -151483944
8 52 -288266719
17 89 -501504560
22 37 -617724924
23 67 -964089210
131 150 -21189245
112 128 -54829578
80 86 -795677480
41 73 -890408661
25 185 -617380469
41 96 -754095549
1 2 -67864102
21 50 -179030368
60 97 -228556631
3 6 -564444524
36 133 -10942773
36 61 -768124042
46 47 -50292173
8 28 -395177971
14 175 -466908667
69 151 -394814977
26 144 -852330909
89 142 -415424438
97 129 -493401029
15 23 -571197618
7 14 -597223403
1 63 -364109688
70 110 -519819660
82 159 -354569148
137 182 -224985244
32 35 -462121353
187 191 -797615757
84 101 -232613153
58 90 -857904776
53 130 -402105011
44 132 -953079392
