1
200 197 69 7
0 0 0 0 0 0 0 0 0 0 0 0 0 0 0 0 0 0 0 0 0 0 0 0 0 0 0 0 0 0 0 0 0 0 0 0 0 0 0 0 0 0 0 0 0 0 0 0 0 0 0 0 0 0 0 0 0 0 0 0 0 0 0 0 0 0 0 0 0 0 0 0 0 0 0 0 0 0 0 0 0 0 0 0 0 0 0 0 0 0 0 0 0 0 0 0 0 0 0 0 0 0 0 0 0 0 0 0 0 0 0 0 0 0 0 0 0 0 0 0 0 0 0 0 0 0 0 0 0 0 0 0 0 0 0 0 0 0 0 0 0 0 0 0 0 0 0 0 0 0 0 0 0 0 0 0 0 0 0 0 0 0 0 0 0 0 0 0 0 0 0 0 0 0 0 0 0 0 0 0 0 0 0 0 0 0 0 0 0 0 0 0 0 0 0 0 0 0 0 0
0 0 1 0 0 0 1 0 0 1 0 0 0 0 1 0 0 0 0 1 0 1 1 0 0 0 0 0 0 0 1 0 0 1 0 1 0 0 0 0 1 0 1 1 1 0 1 1 0 0 0 0 0 0 0 0 1 0 0 1 1 0 1 0 0 0 0 0 0 0 0 0 1 1 0 0 0 0 1 0 0 1 0 0 1 0 1 0 1 1 1 1 1 0 0 1 0 0 0 1 0 1 1 1 0 0 0 0 0 1 0 1 0 1 1 0 0 0 0 0 0 1 0 0 0 0 0 0 0 0 0 0 1 0 0 0 0 0 0 1 0 0 1 0 0 0 1 0 0 0 1 1 0 0 0 0 0 0 0 0 0 0 1 1 0 0 1 1 1 0 0 1 0 1 1 1 0 1 0 1 0 0 0 0 0 1 0 0 0 0 0 0 1 0 0 0 0 1 0 1
58 198 -614257858
7 124 -243525087
15 23 -599100706
77 195 -108241929
1 5 -542380455
14 80 -360869465
18 25 -467668899
64 148 -128105324
14 31 -874197349
155 157 -68890947
111 184 -293344768
32 200 -508634089
65 161 -509355631
61 114 -185722270
7 13 -97913599
27 78 -167538229
9 19 -921222100
34 74 -993645618
55 83 -53342215
63 69 -753743032
6 34 -386632441
20 42 -843458743
50 149 -945085563
78 153 -639178768
7 11 -340204805
158 190 -962611782
19 118 -718227580
65 111 -442632316
102 178 -965969637
8 141 -434613802
7 20 -626202883
52 108 -626713972
3 27 -94475782
6 32 -699728594
33 81 -437335715
61 68 -260302338
20 41 -484037421
115 117 -312021373
3 4 -965126630
6 136 -17634795
56 87 -59476865
16 58 -606972345
130 139 -168624833
108 112 -55012844
4 7 -113336232
16 18 -443505852
130 159 -507663441
31 44 -319155258
47 63 -985069576
73 125 -88896194
60 152 -154672019
13 45 -111112972
35 105 -318887818
122 175 -219926880
2 8 -644977348
46 57 -349656130
4 71 -945859323
8 21 -543542341
32 158 -256813701
30 39 -207132744
23 37 -76407790
86 95 -933837080
11 47 -848034949
83 123 -117806080
8 147 -642443775
40 186 -26201018
5 16 -857940663
44 121 -183781293
10 99 -294933256
17 55 -9543241
180 188 -438233222
1 50 -813154281
89 171 -680939391
62 66 -926039557
4 134 -281986088
49 138 -945581292
30 91 -124722563
4 84 -729824406
93 143 -829471906
1 10 -893503941
27 96 -465091860
25 181 -529026615
63 86 -894606841
9 88 -862195620
151 182 -471269033
11 22 -969411921
116 187 -667043133
87 127 -792591622
20 40 -792128891
151 191 -456895097
101 122 -26261907
8 38 -774027352
10 167 -219329020
41 89 -173139277
35 151 -958528812
69 79 -435757458
46 75 -362157646
10 172 -584777903
122 183 -539916932
62 194 -33938771
157 168 -862458493
103 104 -977194363
45 48 -201646953
40 90 -997665245
17 102 -530546160
3 6 -922405679
22 51 -17135540
1 2 -299016098
9 98 -305636302
4 36 -942984029
11 179 -629168308
12 28 -951835138
154 176 -34558641
27 165 -889873942
7 189 -649651031
143 180 -416157122
15 54 -25091146
20 162 -99904301
20 33 -347059527
64 129 -191901739
6 12 -562404310
161 193 -830918198
66 100 -688581289
25 185 -421234104
81 163 -471443588
64 73 -139237526
47 140 -653872969
51 61 -151587040
57 72 -500650638
77 164 -402995727
83 142 -48334991
30 65 -863193105
17 76 -111186173
24 53 -866676893
89 196 -182287827
17 29 -587286672
60 113 -380091198
117 177 -849460511
104 166 -29600239
107 115 -336188949
115 130 -488367835
30 46 -571038615
158 174 -603972222
124 199 -518995757
24 116 -374775255
36 155 -495488696
43 132 -313081526
8 9 -503199834
16 24 -325394010
1 3 -962364935
167 197 -623891691
15 93 -471041404
81 106 -982020358
44 133 -231698428
47 170 -794324789
137 169 -30637421
147 154 -982310140
65 85 -471155005
84 150 -97366698
148 156 -376182408
53 146 -697654615
71 94 -15633500
40 49 -101606329
13 128 -459592418
97 101 -30448383
103 107 -512750441
71 92 -317805136
2 30 -922741373
24 77 -710207058
92 160 -104136693
110 126 -635133016
130 137 -522284499
21 109 -865914354
26 64 -285182271
1 82 -384734540
65 120 -296842961
75 103 -952576187
12 14 -944039164
4 43 -465247436
19 70 -269405763
35 52 -601372757
93 192 -27020224
18 26 -237241561
32 135 -349572591
5 35 -505222623
25 59 -406853313
59 62 -119297685
12 144 -557607113
51 119 -346508832
140 173 -447305826
8 15 -251361383
15 67 -36443214
7 17 -707503823
97 145 -818537032
46 60 -971865815
54 110 -297243868
81 97 -583742478
