1
200 190 110 0
-1000000000 -1000000000 -1000000000 -1000000000 -1000000000 -1000000000 -1000000000 -1000000000 -1000000000 -1000000000 -1000000000 -1000000000 -1000000000 -1000000000 -1000000000 -1000000000 -1000000000 -1000000000 -1000000000 -1000000000 -1000000000 -1000000000 -1000000000 -1000000000 -1000000000 -1000000000 -1000000000 -1000000000 -1000000000 -1000000000 -1000000000 -1000000000 -1000000000 -1000000000 -1000000000 -1000000000 -1000000000 -1000000000 -1000000000 -1000000000 -1000000000 -1000000000 -1000000000 -1000000000 -1000000000 -1000000000 -1000000000 -1000000000 -1000000000 -1000000000 -1000000000 -1000000000 -1000000000 -1000000000 -1000000000 -1000000000 -1000000000 -1000000000 -1000000000 -1000000000 -1000000000 -1000000000 -1000000000 -1000000000 -1000000000 -1000000000 -1000000000 -1000000000 -1000000000 -1000000000 -1000000000 -1000000000 -1000000000 -1000000000 -1000000000 -1000000000 -1000000000 -1000000000 -1000000000 -1000000000 -1000000000 -1000000000 -1000000000 -1000000000 -1000000000 -1000000000 -1000000000 -1000000000 -1000000000 -1000000000 -1000000000 -1000000000 -1000000000 -1000000000 -1000000000 -1000000000 -1000000000 -1000000000 -1000000000 -1000000000 -1000000000 -1000000000 -1000000000 -1000000000 -1000000000 -1000000000 -1000000000 -1000000000 -1000000000 -1000000000 -1000000000 -1000000000 -1000000000 -1000000000 -1000000000 -1000000000 -1000000000 -1000000000 -1000000000 -1000000000 -1000000000 -1000000000 -1000000000 -1000000000 -1000000000 -1000000000 -1000000000 -1000000000 -1000000000 -1000000000 -1000000000 -1000000000 -1000000000 -1000000000 -1000000000 -1000000000 -1000000000 -1000000000 -1000000000 -1000000000 -1000000000 -1000000000 -1000000000 -1000000000 -1000000000 -1000000000 -1000000000 -1000000000 -1000000000 -1000000000 -1000000000 -1000000000 -1000000000 -1000000000 -1000000000 -1000000000 -1000000000 -1000000000 -1000000000 -1000000000 -1000000000 -1000000000 -1000000000 -1000000000 -1000000000 -1000000000 -1000000000 -1000000000 -1000000000 -1000000000 -1000000000 -1000000000 -1000000000 -1000000000 -1000000000 -1000000000 -1000000000 -1000000000 -1000000000 -1000000000 -1000000000 -1000000000 -1000000000 -1000000000 -1000000000 -1000000000 -1000000000 -1000000000 -1000000000 -1000000000 -1000000000 -1000000000 -1000000000 -1000000000 -1000000000 -1000000000 -1000000000 -1000000000 -1000000000 -1000000000
1 0 1 0 0 1 1 1 1 1 1 0 1 0 1 1 1 1 0 0 0 0 1 0 0 0 1 0 1 1 1 0 0 1 1 1 0 0 1 1 1 1 0 1 0 0 0 0 1 0 1 0 0 0 0 0 0 1 0 0 0 1 1 0 1 1 1 1 0 0 1 1 1 1 0 0 0 0 1 1 0 0 1 1 1 0 1 1 1 0 1 1 0 0 1 0 1 0 0 0 0 0 1 0 0 0 1 1 0 1 0 0 0 1 1 1 0 1 1 1 0 1 1 1 0 1 0 0 1 1 1 1 0 1 1 1 0 1 1 1 1 1 0 0 0 1 1 1 1 1 1 0 1 0 0 1 1 1 0 1 1 0 1 1 0 0 0 1 0 0 0 0 0 1 1 1 0 1 0 0 1 0 0 1 0 0 0 1 1 1 0 1 0 1 0 1 0 1 0 1
45 157 -1000000000
66 75 -1000000000
190 191 -1000000000
88 111 -1000000000
82 98 -1000000000
2 78 -1000000000
1 37 -1000000000
95 110 -1000000000
81 114 -1000000000
37 153 -1000000000
17 20 -1000000000
4 118 -1000000000
55 80 -1000000000
9 59 -1000000000
34 71 -1000000000
124 141 -1000000000
3 25 -1000000000
77 129 -1000000000
29 61 -1000000000
1 5 -1000000000
108 164 -1000000000
71 121 -1000000000
131 159 -1000000000
5 107 -1000000000
97 168 -1000000000
23 162 -1000000000
39 176 -1000000000
27 38 -1000000000
79 143 -1000000000
30 152 -1000000000
18 21 -1000000000
21 24 -1000000000
3 16 -1000000000
39 123 -1000000000
10 53 -1000000000
45 77 -1000000000
15 18 -1000000000
37 82 -1000000000
11 64 -1000000000
11 19 -1000000000
157 166 -1000000000
151 185 -1000000000
98 163 -1000000000
114 158 -1000000000
59 128 -1000000000
44 66 -1000000000
189 196 -1000000000
35 105 -1000000000
4 50 -1000000000
125 161 -1000000000
18 135 -1000000000
156 178 -1000000000
24 49 -1000000000
29 32 -1000000000
76 149 -1000000000
85 127 -1000000000
70 179 -1000000000
40 197 -1000000000
2 96 -1000000000
80 134 -1000000000
150 187 -1000000000
15 145 -1000000000
106 173 -1000000000
46 195 -1000000000
37 52 -1000000000
32 112 -1000000000
55 85 -1000000000
25 54 -1000000000
91 189 -1000000000
61 167 -1000000000
70 137 -1000000000
13 108 -1000000000
2 30 -1000000000
21 72 -1000000000
179 198 -1000000000
17 31 -1000000000
23 122 -1000000000
13 14 -1000000000
8 46 -1000000000
101 150 -1000000000
72 117 -1000000000
126 182 -1000000000
78 142 -1000000000
5 83 -1000000000
76 86 -1000000000
13 180 -1000000000
142 177 -1000000000
6 43 -1000000000
59 133 -1000000000
23 28 -1000000000
36 39 -1000000000
1 29 -1000000000
29 57 -1000000000
16 88 -1000000000
5 6 -1000000000
1 104 -1000000000
7 9 -1000000000
77 97 -1000000000
81 109 -1000000000
13 89 -1000000000
62 131 -1000000000
90 171 -1000000000
30 170 -1000000000
8 22 -1000000000
131 139 -1000000000
1 8 -1000000000
74 101 -1000000000
71 90 -1000000000
29 193 -1000000000
90 148 -1000000000
176 194 -1000000000
41 147 -1000000000
5 13 -1000000000
118 181 -1000000000
21 146 -1000000000
1 2 -1000000000
114 154 -1000000000
1 199 -1000000000
177 186 -1000000000
28 44 -1000000000
2 36 -1000000000
99 113 -1000000000
49 84 -1000000000
106 200 -1000000000
25 76 -1000000000
79 174 -1000000000
12 15 -1000000000
3 95 -1000000000
26 155 -1000000000
110 183 -1000000000
162 190 -1000000000
42 70 -1000000000
21 87 -1000000000
31 94 -1000000000
40 138 -1000000000
14 23 -1000000000
3 4 -1000000000
43 58 -1000000000
55 79 -1000000000
1 60 -1000000000
71 140 -1000000000
24 81 -1000000000
42 63 -1000000000
31 62 -1000000000
36 42 -1000000000
86 100 -1000000000
1 3 -1000000000
74 119 -1000000000
106 126 -1000000000
10 11 -1000000000
94 169 -1000000000
59 106 -1000000000
15 45 -1000000000
9 48 -1000000000
131 184 -1000000000
68 93 -1000000000
6 91 -1000000000
95 136 -1000000000
64 175 -1000000000
119 124 -1000000000
11 12 -1000000000
181 188 -1000000000
97 116 -1000000000
83 102 -1000000000
18 92 -1000000000
3 7 -1000000000
104 192 -1000000000
50 103 -1000000000
14 27 -1000000000
14 68 -1000000000
11 56 -1000000000
58 65 -1000000000
65 73 -1000000000
14 51 -1000000000
52 67 -1000000000
26 172 -1000000000
111 160 -1000000000
62 99 -1000000000
76 120 -1000000000
18 41 -1000000000
5 34 -1000000000
36 40 -1000000000
3 17 -1000000000
9 10 -1000000000
84 151 -1000000000
5 35 -1000000000
139 156 -1000000000
44 55 -1000000000
21 26 -1000000000
59 132 -1000000000
