1
200 198 200 4
0 0 0 0 0 0 0 0 0 0 0 0 0 0 0 0 0 0 0 0 0 0 0 0 0 0 0 0 0 0 0 0 0 0 0 0 0 0 0 0 0 0 0 0 0 0 0 0 0 0 0 0 0 0 0 0 0 0 0 0 0 0 0 0 0 0 0 0 0 0 0 0 0 0 0 0 0 0 0 0 0 0 0 0 0 0 0 0 0 0 0 0 0 0 0 0 0 0 0 0 0 0 0 0 0 0 0 0 0 0 0 0 0 0 0 0 0 0 0 0 0 0 0 0 0 0 0 0 0 0 0 0 0 0 0 0 0 0 0 0 0 0 0 0 0 0 0 0 0 0 0 0 0 0 0 0 0 0 0 0 0 0 0 0 0 0 0 0 0 0 0 0 0 0 0 0 0 0 0 0 0 0 0 0 0 0 0 0 0 0 0 0 0 0 0 0 0 0 0 0
1 1 1 1 1 1 1 1 1 1 1 1 1 1 1 1 1 1 1 1 1 1 1 1 1 1 1 1 1 1 1 1 1 1 1 1 1 1 1 1 1 1 1 1 1 1 1 1 1 1 1 1 1 1 1 1 1 1 1 1 1 1 1 1 1 1 1 1 1 1 1 1 1 1 1 1 1 0 1 1 1 1 1 1 1 1 1 1 0 1 1 1 1 1 1 1 1 1 1 1 1 1 1 1 1 1 1 1 1 1 0 1 1 1 1 1 1 1 1 1 1 1 1 1 1 1 1 1 1 1 1 1 1 1 1 1 1 1 1 1 1 1 1 1 1 1 1 1 1 1 1 1 1 1 1 1 1 1 1 1 1 1 1 1 1 1 1 1 1 1 1 1 1 1 1 1 1 1 1 1 1 1 1 1 1 1 1 1 1 1 1 1 1 1 1 1 0 1 1 1
53 95 -118706962
5 7 -869496950
125 187 -346904153
63 153 -799481778
36 54 -192041320
7 28 -605630506
62 144 -339591641
16 36 -654132250
40 45 -384880524
76 154 -307651893
13 39 -847122957
68 76 -986003478
10 24 -163188139
15 33 -280651423
1 128 -291211103
5 8 -623967307
2 3 -894029943
17 34 -716867158
37 171 -307251325
40 89 -940515871
5 69 -633211896
12 42 -369009693
48 167 -286806279
24 105 -158866551
103 107 -83134252
36 148 -373911824
65 83 -269708026
8 56 -238516212
10 112 -213677402
61 72 -359019178
92 121 -729539801
38 151 -437365387
139 190 -900336423
111 142 -92259462
38 196 -3331998
36 161 -774976067
129 157 -176315567
106 120 -69018550
37 57 -315118151
17 74 -166209088
41 78 -594350109
64 166 -219041585
73 104 -422246557
97 131 -697940248
85 165 -416274494
84 109 -933592268
19 29 -562203107
2 15 -317120778
58 96 -528250351
95 108 -363928947
127 170 -502759920
47 66 -17764211
130 193 -932255947
84 174 -31067801
59 116 -168438295
2 5 -755886883
44 103 -449575923
29 114 -644013883
17 143 -427124259
71 198 -772313376
57 177 -993608617
9 98 -830133219
171 172 -767328079
76 123 -653197618
53 182 -570628754
27 44 -648323917
4 23 -689031676
7 10 -134109607
17 79 -352658995
13 188 -133386827
13 17 -129850639
24 35 -969723052
42 106 -749872195
6 132 -666930126
87 194 -528930258
12 30 -228321690
56 181 -192406668
25 53 -345272901
3 40 -459853766
1 31 -636229295
35 97 -766217872
87 183 -969453763
137 164 -113771503
76 191 -991032660
105 145 -386007519
72 178 -95102611
11 13 -155110316
146 185 -813148646
17 61 -876047554
64 87 -556864092
151 155 -204846632
38 50 -413596280
43 64 -822457905
23 25 -627079113
8 43 -364359370
97 169 -843888719
16 27 -252141928
47 82 -70742025
23 110 -126619589
116 126 -132633093
11 14 -523188432
25 71 -83460421
82 156 -471786783
8 38 -321097167
7 119 -780105886
9 63 -163231886
73 84 -970812661
15 140 -234009902
43 59 -691014871
20 141 -358581949
78 115 -451961656
97 127 -70366111
103 130 -974049737
34 52 -604303087
71 118 -43494816
113 192 -633488404
5 20 -370202578
32 92 -452067783
25 149 -109817993
38 90 -778126204
49 175 -467137745
84 111 -99707635
34 173 -745555558
41 80 -149066639
15 189 -589981998
29 62 -890580460
67 101 -956940563
67 81 -6874646
73 77 -653836389
16 32 -47600859
106 197 -796063555
45 65 -876192599
1 2 -246706963
69 159 -955629044
70 113 -107238813
24 26 -777288515
126 195 -905853257
167 168 -651174301
64 100 -311787169
50 93 -665338486
36 58 -986751098
103 124 -810761353
58 94 -388475600
1 4 -197279256
10 16 -978674174
5 6 -108752231
25 152 -216013732
44 73 -647591896
20 186 -425779628
14 67 -214400853
111 179 -905256775
94 163 -40453785
23 75 -634133182
7 12 -712184003
31 41 -956338217
24 117 -54652596
171 176 -708746543
7 125 -391130911
22 135 -898093250
39 48 -253842241
55 139 -585429760
14 19 -886587080
5 60 -469458580
20 122 -619606294
52 55 -967104172
57 99 -242306963
103 138 -158492310
38 199 -511141165
16 184 -652632821
45 200 -311199251
47 180 -588396625
41 137 -817425229
137 162 -539522627
129 160 -245896259
82 133 -483915380
100 146 -41598658
22 70 -228880511
7 102 -704040391
98 136 -707667892
15 68 -276228313
1 22 -6724900
8 21 -834292617
73 88 -568112598
39 47 -529562826
3 51 -4829651
51 91 -540119543
78 147 -715769267
9 11 -494349405
131 150 -776568053
10 49 -521234180
65 85 -443663410
49 158 -690869984
7 9 -338056061
48 134 -316243217
12 37 -625170798
9 129 -452072637
19 46 -326649492
85 86 -759903584
