1
200 199 200 100
-1000000000 -1000000000 -1000000000 -1000000000 -1000000000 -1000000000 -1000000000 -1000000000 -1000000000 -1000000000 -1000000000 -1000000000 -1000000000 -1000000000 -1000000000 -1000000000 -1000000000 -1000000000 -1000000000 -1000000000 -1000000000 -1000000000 -1000000000 -1000000000 -1000000000 -1000000000 -1000000000 -1000000000 -1000000000 -1000000000 -1000000000 -1000000000 -1000000000 -1000000000 -1000000000 -1000000000 -1000000000 -1000000000 -1000000000 -1000000000 -1000000000 -1000000000 -1000000000 -1000000000 -1000000000 -1000000000 -1000000000 -1000000000 -1000000000 -1000000000 -1000000000 -1000000000 -1000000000 -1000000000 -1000000000 -1000000000 -1000000000 -1000000000 -1000000000 -1000000000 -1000000000 -1000000000 -1000000000 -1000000000 -1000000000 -1000000000 -1000000000 -1000000000 -1000000000 -1000000000 -1000000000 -1000000000 -1000000000 -1000000000 -1000000000 -1000000000 -1000000000 -1000000000 -1000000000 -1000000000 -1000000000 -1000000000 -1000000000 -1000000000 -1000000000 -1000000000 -1000000000 -1000000000 -1000000000 -1000000000 -1000000000 -1000000000 -1000000000 -1000000000 -1000000000 -1000000000 -1000000000 -1000000000 -1000000000 -1000000000 -1000000000 -1000000000 -1000000000 -1000000000 -1000000000 -1000000000 -1000000000 -1000000000 -1000000000 -1000000000 -1000000000 -1000000000 -1000000000 -1000000000 -1000000000 -1000000000 -1000000000 -1000000000 -1000000000 -1000000000 -1000000000 -1000000000 -1000000000 -1000000000 -1000000000 -1000000000 -1000000000 -1000000000 -1000000000 -1000000000 -1000000000 -1000000000 -1000000000 -1000000000 -1000000000 -1000000000 -1000000000 -1000000000 -1000000000 -1000000000 -1000000000 -1000000000 -1000000000 -1000000000 -1000000000 -1000000000 -1000000000 -1000000000 -1000000000 -1000000000 -1000000000 -1000000000 -1000000000 -1000000000 -1000000000 -1000000000 -1000000000 -1000000000 -1000000000 -1000000000 -1000000000 -1000000000 -1000000000 -1000000000 -1000000000 -1000000000 -1000000000 -1000000000 -1000000000 -1000000000 -1000000000 -1000000000 -1000000000 -1000000000 -1000000000 -1000000000 -1000000000 -1000000000 -1000000000 -1000000000 -1000000000 -1000000000 -1000000000 -1000000000 -1000000000 -1000000000 -1000000000 -1000000000 -1000000000 -1000000000 -1000000000 -1000000000 -1000000000 -1000000000 -1000000000 -1000000000 -1000000000 -1000000000 -1000000000 -1000000000
0 1 0 0 0 0 1 1 1 0 1 0 1 1 0 0 0 1 1 1 1 0 1 1 1 1 1 1 1 0 0 1 0 1 1 0 1 0 0 0 1 1 0 1 1 1 1 0 0 0 1 1 0 0 0 1 1 1 0 1 0 0 0 0 0 1 1 0 0 0 0 0 0 0 1 0 1 1 0 1 0 0 0 1 1 0 1 0 0 0 1 1 1 0 1 0 1 1 0 0 1 0 0 0 1 0 0 0 0 1 1 1 1 1 1 0 1 1 1 0 1 0 1 1 1 0 1 1 0 1 0 1 1 1 1 0 0 1 0 0 0 0 0 1 1 0 0 1 0 1 0 0 0 0 0 1 1 1 0 0 1 1 1 0 1 0 0 1 1 0 0 1 0 1 0 0 0 1 0 1 0 1 0 1 1 1 1 1 0 0 1 0 1 1 1 1 0 0 0 0
16 38 -1000000000
10 26 -1000000000
65 154 -1000000000
25 46 -1000000000
1 4 -1000000000
7 22 -1000000000
42 62 -1000000000
6 17 -1000000000
1 44 -1000000000
8 41 -1000000000
8 114 -1000000000
13 30 -1000000000
82 150 -1000000000
53 120 -1000000000
11 149 -1000000000
10 118 -1000000000
11 16 -1000000000
8 13 -1000000000
22 53 -1000000000
113 189 -1000000000
3 108 -1000000000
24 57 -1000000000
117 167 -1000000000
116 176 -1000000000
19 20 -1000000000
11 21 -1000000000
53 105 -1000000000
184 199 -1000000000
92 161 -1000000000
9 95 -1000000000
3 58 -1000000000
29 52 -1000000000
46 107 -1000000000
108 143 -1000000000
41 170 -1000000000
63 197 -1000000000
10 32 -1000000000
70 96 -1000000000
62 116 -1000000000
50 71 -1000000000
91 140 -1000000000
113 144 -1000000000
103 198 -1000000000
93 97 -1000000000
2 89 -1000000000
5 14 -1000000000
142 156 -1000000000
172 186 -1000000000
12 15 -1000000000
42 48 -1000000000
110 159 -1000000000
126 184 -1000000000
22 29 -1000000000
20 168 -1000000000
12 18 -1000000000
32 88 -1000000000
32 84 -1000000000
46 73 -1000000000
89 155 -1000000000
119 124 -1000000000
88 109 -1000000000
8 191 -1000000000
74 126 -1000000000
53 153 -1000000000
19 70 -1000000000
143 160 -1000000000
9 77 -1000000000
180 188 -1000000000
29 43 -1000000000
38 111 -1000000000
130 187 -1000000000
55 67 -1000000000
48 61 -1000000000
126 138 -1000000000
2 24 -1000000000
17 19 -1000000000
7 81 -1000000000
35 37 -1000000000
17 173 -1000000000
32 163 -1000000000
6 7 -1000000000
177 196 -1000000000
68 180 -1000000000
22 31 -1000000000
22 179 -1000000000
2 11 -1000000000
9 42 -1000000000
33 158 -1000000000
78 166 -1000000000
25 128 -1000000000
7 8 -1000000000
91 123 -1000000000
3 6 -1000000000
45 51 -1000000000
18 28 -1000000000
163 181 -1000000000
77 146 -1000000000
40 47 -1000000000
11 68 -1000000000
44 90 -1000000000
51 125 -1000000000
164 182 -1000000000
30 60 -1000000000
69 100 -1000000000
2 3 -1000000000
116 139 -1000000000
113 185 -1000000000
19 33 -1000000000
3 5 -1000000000
112 134 -1000000000
145 174 -1000000000
6 10 -1000000000
72 78 -1000000000
81 136 -1000000000
33 72 -1000000000
2 110 -1000000000
15 147 -1000000000
55 162 -1000000000
85 200 -1000000000
73 177 -1000000000
59 65 -1000000000
71 132 -1000000000
37 175 -1000000000
30 40 -1000000000
48 127 -1000000000
33 119 -1000000000
9 27 -1000000000
33 172 -1000000000
120 192 -1000000000
84 141 -1000000000
25 165 -1000000000
12 190 -1000000000
78 87 -1000000000
20 45 -1000000000
26 115 -1000000000
10 130 -1000000000
6 93 -1000000000
2 9 -1000000000
10 69 -1000000000
14 34 -1000000000
18 113 -1000000000
90 193 -1000000000
7 98 -1000000000
12 55 -1000000000
23 25 -1000000000
128 129 -1000000000
75 195 -1000000000
53 112 -1000000000
144 178 -1000000000
15 74 -1000000000
91 117 -1000000000
57 85 -1000000000
18 82 -1000000000
141 157 -1000000000
19 54 -1000000000
56 83 -1000000000
54 183 -1000000000
60 99 -1000000000
141 194 -1000000000
62 164 -1000000000
62 101 -1000000000
19 131 -1000000000
76 148 -1000000000
133 145 -1000000000
56 86 -1000000000
65 103 -1000000000
42 171 -1000000000
89 152 -1000000000
70 169 -1000000000
11 63 -1000000000
85 94 -1000000000
54 76 -1000000000
91 151 -1000000000
21 64 -1000000000
85 122 -1000000000
77 92 -1000000000
56 80 -1000000000
108 142 -1000000000
31 50 -1000000000
76 102 -1000000000
47 133 -1000000000
15 23 -1000000000
5 91 -1000000000
14 137 -1000000000
33 39 -1000000000
125 135 -1000000000
1 2 -1000000000
11 121 -1000000000
13 35 -1000000000
36 49 -1000000000
48 56 -1000000000
27 59 -1000000000
48 75 -1000000000
94 104 -1000000000
3 79 -1000000000
10 36 -1000000000
14 66 -1000000000
6 12 -1000000000
93 106 -1000000000
