1
200 199 185 32
-1000000000 -1000000000 -1000000000 -1000000000 -1000000000 -1000000000 -1000000000 -1000000000 -1000000000 -1000000000 -1000000000 -1000000000 -1000000000 -1000000000 -1000000000 -1000000000 -1000000000 -1000000000 -1000000000 -1000000000 -1000000000 -1000000000 -1000000000 -1000000000 -1000000000 -1000000000 -1000000000 -1000000000 -1000000000 -1000000000 -1000000000 -1000000000 -1000000000 -1000000000 -1000000000 -1000000000 -1000000000 -1000000000 -1000000000 -1000000000 -1000000000 -1000000000 -1000000000 -1000000000 -1000000000 -1000000000 -1000000000 -1000000000 -1000000000 -1000000000 -1000000000 -1000000000 -1000000000 -1000000000 -1000000000 -1000000000 -1000000000 -1000000000 -1000000000 -1000000000 -1000000000 -1000000000 -1000000000 -1000000000 -1000000000 -1000000000 -1000000000 -1000000000 -1000000000 -1000000000 -1000000000 -1000000000 -1000000000 -1000000000 -1000000000 -1000000000 -1000000000 -1000000000 -1000000000 -1000000000 -1000000000 -1000000000 -1000000000 -1000000000 -1000000000 -1000000000 -1000000000 -1000000000 -1000000000 -1000000000 -1000000000 -1000000000 -1000000000 -1000000000 -1000000000 -1000000000 -1000000000 -1000000000 -1000000000 -1000000000 -1000000000 -1000000000 -1000000000 -1000000000 -1000000000 -1000000000 -1000000000 -1000000000 -1000000000 -1000000000 -1000000000 -1000000000 -1000000000 -1000000000 -1000000000 -1000000000 -1000000000 -1000000000 -1000000000 -1000000000 -1000000000 -1000000000 -1000000000 -1000000000 -1000000000 -1000000000 -1000000000 -1000000000 -1000000000 -1000000000 -1000000000 -1000000000 -1000000000 -1000000000 -1000000000 -1000000000 -1000000000 -1000000000 -1000000000 -1000000000 -1000000000 -1000000000 -1000000000 -1000000000 -1000000000 -1000000000 -1000000000 -1000000000 -1000000000 -1000000000 -1000000000 -1000000000 -1000000000 -1000000000 -1000000000 -1000000000 -1000000000 -1000000000 -1000000000 -1000000000 -1000000000 -1000000000 -1000000000 -1000000000 -1000000000 -1000000000 -1000000000 -1000000000 -1000000000 -1000000000 -1000000000 -1000000000 -1000000000 -1000000000 -1000000000 -1000000000 -1000000000 -1000000000 -1000000000 -1000000000 -1000000000 -1000000000 -1000000000 -1000000000 -1000000000 -1000000000 -1000000000 -1000000000 -1000000000 -1000000000 -1000000000 -1000000000 -1000000000 -1000000000 -1000000000 -1000000000 -1000000000 -1000000000 -1000000000 -1000000000
0 0 0 0 0 0 0 0 0 0 0 0 0 0 0 0 1 1 0 1 0 0 0 0 1 0 0 1 0 0 0 0 0 0 1 0 0 0 0 0 0 0 1 0 0 0 0 0 0 0 0 0 0 0 0 0 0 0 0 0 1 0 0 0 1 1 0 0 0 0 1 0 1 0 0 0 0 0 0 0 0 0 1 0 0 0 0 0 0 0 0 0 0 1 0 0 0 0 0 0 0 0 0 0 0 0 0 0 1 0 0 1 0 0 0 1 1 0 0 0 0 0 1 0 0 0 0 0 0 0 1 0 0 0 0 0 0 0 0 0 0 0 1 0 0 0 0 0 0 0 0 0 0 0 0 0 0 0 0 1 0 0 0 0 1 1 1 0 0 0 0 0 0 0 0 0 0 0 1 0 0 0 0 0 0 1 0 1 0 1 1 0 0 0 1 0 0 0 0 1
109 128 -1000000000
3 4 -1000000000
108 132 -1000000000
9 11 -1000000000
47 86 -1000000000
59 90 -1000000000
2 5 -1000000000
120 170 -1000000000
19 100 -1000000000
55 70 -1000000000
14 65 -1000000000
17 38 -1000000000
6 161 -1000000000
10 26 -1000000000
20 53 -1000000000
12 21 -1000000000
36 48 -1000000000
30 84 -1000000000
68 79 -1000000000
1 75 -1000000000
64 153 -1000000000
3 10 -1000000000
75 191 -1000000000
8 14 -1000000000
115 156 -1000000000
30 47 -1000000000
60 147 -1000000000
33 69 -1000000000
34 35 -1000000000
11 119 -1000000000
43 103 -1000000000
71 157 -1000000000
38 180 -1000000000
35 60 -1000000000
51 96 -1000000000
10 121 -1000000000
6 131 -1000000000
82 108 -1000000000
118 129 -1000000000
51 160 -1000000000
31 39 -1000000000
57 66 -1000000000
12 19 -1000000000
8 162 -1000000000
18 24 -1000000000
39 43 -1000000000
8 12 -1000000000
196 199 -1000000000
30 81 -1000000000
79 133 -1000000000
14 34 -1000000000
119 136 -1000000000
57 123 -1000000000
85 159 -1000000000
69 73 -1000000000
58 154 -1000000000
90 149 -1000000000
5 109 -1000000000
120 137 -1000000000
4 9 -1000000000
68 85 -1000000000
50 124 -1000000000
33 52 -1000000000
138 178 -1000000000
34 78 -1000000000
5 67 -1000000000
7 74 -1000000000
8 20 -1000000000
144 174 -1000000000
89 181 -1000000000
87 97 -1000000000
13 151 -1000000000
105 152 -1000000000
12 33 -1000000000
18 139 -1000000000
168 195 -1000000000
3 155 -1000000000
101 184 -1000000000
22 27 -1000000000
112 122 -1000000000
40 127 -1000000000
149 176 -1000000000
82 192 -1000000000
88 92 -1000000000
40 125 -1000000000
12 40 -1000000000
39 102 -1000000000
32 51 -1000000000
16 57 -1000000000
7 111 -1000000000
58 179 -1000000000
101 114 -1000000000
21 25 -1000000000
61 164 -1000000000
66 166 -1000000000
157 177 -1000000000
173 187 -1000000000
29 167 -1000000000
122 140 -1000000000
12 63 -1000000000
39 49 -1000000000
118 186 -1000000000
9 13 -1000000000
18 94 -1000000000
93 141 -1000000000
85 88 -1000000000
61 148 -1000000000
49 107 -1000000000
5 41 -1000000000
63 68 -1000000000
44 130 -1000000000
14 46 -1000000000
156 165 -1000000000
27 30 -1000000000
40 44 -1000000000
22 23 -1000000000
85 126 -1000000000
67 93 -1000000000
85 194 -1000000000
48 99 -1000000000
156 197 -1000000000
1 2 -1000000000
65 168 -1000000000
93 185 -1000000000
17 42 -1000000000
174 188 -1000000000
3 8 -1000000000
66 142 -1000000000
77 145 -1000000000
76 144 -1000000000
12 29 -1000000000
44 105 -1000000000
18 80 -1000000000
38 150 -1000000000
28 32 -1000000000
34 120 -1000000000
21 50 -1000000000
32 117 -1000000000
4 31 -1000000000
1 45 -1000000000
11 83 -1000000000
11 17 -1000000000
86 163 -1000000000
105 143 -1000000000
22 36 -1000000000
91 182 -1000000000
27 58 -1000000000
14 82 -1000000000
120 138 -1000000000
4 112 -1000000000
70 101 -1000000000
4 7 -1000000000
1 158 -1000000000
96 171 -1000000000
54 56 -1000000000
2 3 -1000000000
69 200 -1000000000
37 115 -1000000000
9 18 -1000000000
141 169 -1000000000
39 61 -1000000000
6 16 -1000000000
76 190 -1000000000
33 71 -1000000000
54 55 -1000000000
13 28 -1000000000
40 135 -1000000000
62 106 -1000000000
44 118 -1000000000
150 189 -1000000000
40 77 -1000000000
29 116 -1000000000
85 172 -1000000000
24 64 -1000000000
102 193 -1000000000
52 104 -1000000000
78 95 -1000000000
4 6 -1000000000
9 91 -1000000000
26 54 -1000000000
81 198 -1000000000
13 59 -1000000000
27 72 -1000000000
157 183 -1000000000
124 173 -1000000000
21 134 -1000000000
2 113 -1000000000
92 98 -1000000000
16 62 -1000000000
7 15 -1000000000
19 175 -1000000000
62 146 -1000000000
16 110 -1000000000
23 87 -1000000000
34 196 -1000000000
70 76 -1000000000
13 22 -1000000000
34 37 -1000000000
31 89 -1000000000
