1
200 191 198 92
-577784615 -974542918 -844684558 -850913845 -263003608 -307431420 -418765032 -385237888 -501160584 -100473513 -603748859 -639843022 -809332143 -325326972 -867405712 -8998416 -823446171 -776095084 -922618695 -527903718 -964377917 -893324468 -724146725 -959712704 -206122866 -154713792 -610838615 -880920587 -644257462 -553652718 -778188918 -980919764 -649779354 -146022395 -622210007 -644889479 -649864342 -866931657 -372470998 -136457175 -289890910 -231702493 -832888090 -25962176 -709666188 -742822575 -12821175 -672775763 -870596835 -104910451 -513883085 -778614224 -784411651 -835606779 -271083064 -631325565 -641261992 -913575495 -112849930 -397042408 -122833966 -158146968 -220813121 -195275618 -331619644 -748710263 -890719789 -265353365 -958911369 -51745606 -192731501 -530900361 -922621366 -738133554 -913819184 -269144120 -351537876 -370539000 -828263472 -30896427 -547976801 -277871924 -476725951 -53306603 -460896310 -508552547 -387289950 -666228158 -983023710 -151258968 -716201783 -295359667 -86520456 -637983932 -354985352 -625603667 -888147329 -866898942 -274377255 -790388096 -630576075 -37960729 -316433055 -618323813 -647012855 -649602651 -991232134 -783787410 -58095475 -849988707 -67349166 -205999972 -391944891 -213171581 -578336662 -44587581 -333794001 -793040348 -813838246 -370324896 -121623574 -307988730 -806889055 -836022936 -582979468 -335003942 -503447790 -9185911 -167479364 -380305891 -136981176 -679500415 -740431660 -968375004 -164763665 -653045602 -347349895 -126509836 -899060656 -605932908 -173174588 -437163855 -124575916 -596253346 -227527365 -363716250 -237787115 -193683396 -922115454 -586508445 -620114051 -638408218 -435041182 -256936983 -618023693 -18892752 -809207453 -223123617 -585054322 -745634800 -490896635 -655607363 -988230274 -773915784 -770457238 -644419188 -627540234 -834465659 -793637989 -259321427 -604672593 -491087031 -40794073 -75756812 -96109847 -494742152 -68630562 -41640809 -250370004 -83193780 -973891835 -952011809 -77891930 -989341389 -432276569 -264352438 -287656105 -656675281 -250783094 -958738191 -938529685 -377694769 -480385897 -50072057 -838948909 -661223277 -732201991 -258228676 -342427288 -726313298
0 1 0 1 0 0 0 1 0 0 1 1 0 1 1 0 0 1 0 0 0 0 0 0 1 0 1 0 0 1 1 1 1 1 0 0 1 1 0 1 1 0 1 1 0 1 0 1 0 1 0 0 1 0 0 1 1 0 0 0 0 1 1 1 0 0 1 0 1 0 1 0 1 0 0 1 1 1 0 1 0 0 0 1 1 0 0 1 0 1 1 0 1 1 0 0 1 1 1 0 1 1 1 0 1 0 1 0 0 1 0 0 1 0 0 0 0 1 1 0 1 0 0 0 1 0 1 1 0 0 0 1 0 0 1 0 0 0 0 0 1 0 1 0 1 1 1 0 1 1 0 0 1 0 1 0 1 0 1 0 0 0 0 0 1 1 1 1 1 1 1 1 0 1 0 0 1 1 0 1 1 1 0 1 1 0 0 0 0 0 0 1 1 0 0 0 0 0 0 0
20 34 0
13 52 0
22 26 0
29 39 0
28 59 0
51 147 0
25 83 0
101 113 0
26 68 0
11 23 0
63 167 0
5 37 0
5 155 0
46 82 0
39 157 0
103 115 0
59 74 0
16 64 0
120 144 0
101 114 0
86 185 0
31 33 0
10 18 0
173 176 0
84 140 0
43 53 0
44 121 0
41 173 0
10 20 0
94 110 0
66 133 0
10 28 0
4 67 0
15 119 0
30 169 0
43 57 0
11 13 0
7 10 0
12 21 0
105 183 0
44 105 0
121 159 0
87 196 0
20 25 0
77 136 0
27 191 0
10 12 0
3 102 0
27 177 0
85 100 0
111 195 0
84 180 0
31 35 0
61 162 0
37 99 0
51 77 0
4 153 0
1 2 0
11 16 0
16 138 0
15 40 0
56 164 0
55 69 0
16 104 0
7 14 0
26 97 0
7 98 0
94 126 0
19 178 0
72 75 0
22 197 0
37 137 0
50 171 0
49 101 0
128 158 0
17 19 0
67 129 0
33 132 0
2 27 0
62 139 0
24 198 0
66 87 0
28 36 0
15 29 0
20 24 0
2 7 0
46 84 0
52 66 0
138 150 0
17 45 0
4 106 0
57 200 0
26 72 0
21 42 0
151 193 0
37 38 0
80 91 0
62 116 0
2 3 0
5 56 0
9 135 0
42 76 0
11 15 0
77 151 0
21 60 0
45 93 0
24 63 0
54 127 0
42 62 0
52 154 0
27 73 0
43 51 0
26 89 0
8 94 0
2 9 0
24 108 0
2 128 0
34 44 0
10 49 0
181 182 0
76 107 0
153 192 0
23 30 0
28 125 0
47 65 0
14 88 0
35 81 0
75 160 0
4 199 0
91 145 0
27 95 0
80 86 0
64 130 0
23 32 0
85 117 0
42 181 0
85 156 0
62 70 0
129 166 0
37 161 0
8 31 0
46 163 0
33 55 0
5 8 0
18 134 0
37 122 0
71 172 0
30 71 0
52 152 0
19 50 0
17 61 0
25 148 0
36 48 0
39 41 0
62 90 0
74 186 0
65 131 0
48 54 0
12 47 0
43 58 0
3 194 0
63 184 0
13 103 0
53 175 0
3 22 0
6 85 0
114 120 0
56 124 0
12 46 0
2 17 0
39 141 0
2 5 0
6 96 0
52 80 0
58 146 0
28 111 0
100 188 0
68 118 0
98 189 0
50 142 0
169 174 0
2 4 0
180 187 0
24 78 0
78 112 0
80 168 0
5 149 0
72 109 0
5 6 0
106 179 0
26 165 0
