1
200 199 200 100
0 0 0 0 0 0 0 0 0 0 0 0 0 0 0 0 0 0 0 0 0 0 0 0 0 0 0 0 0 0 0 0 0 0 0 0 0 0 0 0 0 0 0 0 0 0 0 0 0 0 0 0 0 0 0 0 0 0 0 0 0 0 0 0 0 0 0 0 0 0 0 0 0 0 0 0 0 0 0 0 0 0 0 0 0 0 0 0 0 0 0 0 0 0 0 0 0 0 0 0 0 0 0 0 0 0 0 0 0 0 0 0 0 0 0 0 0 0 0 0 0 0 0 0 0 0 0 0 0 0 0 0 0 0 0 0 0 0 0 0 0 0 0 0 0 0 0 0 0 0 0 0 0 0 0 0 0 0 0 0 0 0 0 0 0 0 0 0 0 0 0 0 0 0 0 0 0 0 0 0 0 0 0 0 0 0 0 0 0 0 0 0 0 0 0 0 0 0 0 0
0 1 1 0 0 0 1 1 0 0 1 0 1 1 1 0 1 1 1 1 0 0 0 1 0 0 1 0 1 0 0 1 0 1 0 0 0 0 1 0 0 1 1 1 1 1 0 0 0 1 1 1 0 0 1 1 0 0 0 0 0 0 1 1 0 1 1 1 1 1 1 1 0 1 0 1 0 1 1 0 0 1 1 0 1 1 0 1 1 1 1 0 0 0 0 0 0 1 1 1 1 0 0 1 0 0 0 1 0 0 1 0 0 1 1 1 1 1 0 0 1 0 1 1 1 1 1 0 0 1 0 1 0 0 0 1 0 1 0 1 1 0 0 1 0 0 0 1 0 1 1 0 0 1 0 1 1 0 1 0 0 1 0 1 1 1 0 0 1 0 0 1 1 1 0 0 1 1 1 0 0 1 0 1 0 0 0 0 1 1 0 0 1 1 0 1 1 0 0 0
30 137 -123428304
158 181 -643808778
40 184 -478103656
8 33 -221563023
75 87 -893836998
33 44 -887697615
59 95 -188619993
9 53 -265792408
44 166 -421741488
7 100 -570720047
110 143 -478744083
67 69 -297629628
6 16 -252304233
65 68 -551779787
8 56 -87762901
44 150 -791143504
78 107 -312728560
101 163 -874649220
26 171 -756130700
6 108 -291155329
16 60 -154919102
12 17 -282101152
102 160 -799461652
24 28 -928516805
12 154 -609369390
80 155 -894088916
43 183 -189549013
8 9 -811208266
39 175 -954767411
1 25 -252842322
18 103 -79016745
79 148 -268745221
5 40 -932065856
29 42 -99642213
108 109 -518253581
10 102 -98603190
141 149 -746074655
4 5 -601679761
39 114 -163048290
19 34 -208352432
12 90 -951508743
22 190 -486698345
7 12 -545182245
113 153 -293007955
6 36 -890604593
65 179 -329899741
40 75 -322945410
69 105 -917700875
24 130 -659065751
53 139 -909496711
31 122 -526510335
5 31 -206245745
101 161 -576848247
26 39 -722981850
134 173 -592034613
159 189 -641449193
1 45 -835237925
10 35 -3072762
57 159 -121018395
91 126 -697367617
8 26 -3325118
31 156 -179328669
1 2 -927386199
37 38 -739851844
7 196 -400869783
26 113 -380758810
5 41 -162730332
16 37 -513867941
51 164 -619173072
1 21 -385986659
164 170 -728766976
4 10 -759278459
25 172 -242717887
166 193 -166214939
26 152 -405011935
106 124 -800890708
43 51 -743160308
25 72 -733221851
107 186 -445563075
29 116 -933368093
17 58 -707822858
8 158 -989885263
21 73 -152980604
58 67 -529112553
83 131 -259539312
18 110 -446917594
144 199 -897004290
24 81 -824254297
103 167 -551256396
65 135 -163747933
6 147 -736691927
13 77 -158636782
46 89 -446751564
80 195 -962165872
1 11 -416311874
40 96 -698413166
76 185 -567334514
17 106 -652244596
157 180 -945432566
3 6 -337405086
30 70 -671963493
99 129 -748527711
40 98 -436292249
61 64 -133612414
50 182 -184874978
40 80 -686186831
18 29 -890535717
13 24 -972936644
11 99 -23656056
52 192 -976910930
101 145 -656694348
1 20 -677488860
99 157 -4635521
33 134 -381973806
44 83 -111112805
19 118 -915086062
4 101 -618141283
157 169 -887839194
61 62 -23263395
117 121 -761863178
109 146 -903232779
110 132 -583042322
19 47 -630380751
138 174 -986700845
1 18 -914968755
57 168 -167148893
54 112 -109769052
13 23 -264273522
76 111 -807119985
1 144 -685929277
48 50 -624973227
2 165 -887127143
15 63 -785677056
37 74 -911019389
42 97 -699484555
20 78 -506028649
91 176 -857499545
191 200 -401824324
84 86 -453155288
12 94 -767360862
6 79 -874859892
12 46 -525475588
15 32 -223000084
13 151 -606904621
5 125 -364668758
29 66 -743423436
105 141 -58220292
47 84 -68174038
4 30 -749154669
12 27 -507194537
15 198 -18626359
51 59 -331729138
6 178 -632896954
19 43 -134426106
76 85 -676113710
48 52 -471276696
6 22 -519709555
3 13 -75865147
31 177 -462514515
109 194 -261944629
6 127 -127299707
41 55 -609013935
70 188 -81016558
5 136 -215492228
9 15 -847385139
102 117 -918368948
49 104 -899268658
70 91 -868389289
179 197 -226234590
48 123 -974408466
4 82 -565112065
25 191 -734641293
5 8 -779186881
13 14 -699253609
1 4 -531306483
107 133 -854664891
24 71 -296093854
139 162 -141090968
9 54 -382949365
12 48 -376481376
50 76 -109930944
27 92 -291780919
81 119 -135939834
51 88 -496782970
108 142 -936988191
32 138 -592160821
20 49 -493517311
11 61 -291537176
30 57 -184859464
13 93 -435913960
38 65 -267780990
1 7 -661272780
37 187 -77073014
13 19 -751131068
1 3 -237377669
50 120 -803135426
35 115 -906676009
39 128 -530744410
88 140 -104451506
