1
200 93 189 94
0 -10 -8 -7 -11 -2 -6 -8 -9 -16 -14 -6 -10 -13 -18 -19 -6 -1 -7 -13 -6 -12 -16 -12 -20 -15 -13 -20 -10 -20 -17 -10 -18 -3 -9 -13 -10 -2 -8 -15 -11 -17 -17 -15 -4 -5 -7 -9 -3 -6 -12 -1 -11 -7 -5 -12 -4 -13 -18 -16 -14 -16 -5 -15 -16 0 -3 -16 -11 -1 -19 -10 -12 -15 -3 -8 0 -5 -17 -16 -3 -4 -3 -19 -6 -16 -6 -6 -10 -15 -16 -4 -16 -7 -18 -6 -17 -15 -3 -3 -12 -10 -7 -12 -10 -6 -11 -4 0 -13 -14 -6 -19 -3 -10 -15 -19 -12 -8 -10 -20 -1 -7 -14 -19 -11 -13 -18 -10 -17 -12 -7 -18 -1 -8 -17 -14 -14 -8 -7 -12 -5 -18 -6 0 -5 -3 -10 -14 -14 -9 -1 -20 -3 -2 -9 -16 -9 -19 -1 -14 -15 -1 -16 -7 -12 -12 -3 -2 -14 0 -18 0 -1 0 -10 -17 -13 -9 -11 -10 -18 -4 0 -19 -7 0 -18 -9 -2 -7 -4 -3 -20 -8 -5 -7 -10 -12 -1
1 0 1 0 1 1 0 0 1 0 0 1 1 1 0 1 1 1 0 1 1 1 0 1 1 0 0 0 1 1 1 0 1 1 1 0 1 1 1 0 0 1 0 1 1 1 1 0 1 0 0 1 1 0 1 1 1 1 1 0 0 0 1 0 1 1 1 0 0 0 0 0 0 1 0 0 1 0 0 1 1 0 1 1 0 0 1 0 0 0 1 0 0 1 1 0 1 1 0 1 0 0 0 1 1 1 1 1 0 0 0 0 1 0 1 1 1 1 1 1 1 0 0 0 1 0 0 0 1 0 1 0 1 0 1 1 1 0 0 0 0 1 0 0 1 0 0 1 1 1 0 1 1 1 1 0 0 0 0 1 1 0 1 1 0 0 1 0 0 1 1 0 1 0 1 0 1 1 1 0 1 0 1 0 0 1 0 1 0 1 0 1 0 0 1 0 0 1 1 1
13 75 -5
102 174 -9
3 32 -19
15 23 -9
3 111 -5
147 178 0
92 169 -10
103 181 -17
3 50 -5
98 103 -12
85 154 -18
95 149 -17
32 104 -12
2 89 -8
137 196 -4
114 119 -2
103 114 -15
26 82 0
52 177 -17
173 175 -5
61 146 -5
6 20 -5
36 60 -18
1 134 -3
84 137 -17
120 198 -18
68 80 -17
3 172 -11
19 24 -9
47 57 -6
128 150 -13
124 153 -3
40 132 -12
55 199 -6
2 3 -12
32 144 0
25 188 -16
80 142 -17
95 98 -19
157 164 -20
93 135 -19
152 195 -19
51 118 -14
36 41 -19
9 79 -10
53 109 -18
23 65 -15
12 21 -4
6 71 -1
7 97 -1
42 45 -17
2 11 -18
23 73 -5
127 159 -17
13 179 -15
9 15 -15
128 176 0
102 155 -19
18 113 -1
5 6 -2
102 161 -20
73 173 -20
49 56 -15
21 100 -9
5 52 -11
77 93 -13
4 88 -8
23 170 -11
74 112 -19
73 78 -17
92 127 -18
14 44 -10
86 126 -14
18 48 -20
3 40 -1
88 148 -11
148 193 -1
18 185 -4
66 116 -12
92 108 -8
24 30 -20
23 182 -3
25 37 -1
148 163 -6
66 141 -19
32 96 -2
2 22 -15
27 53 -4
19 39 0
25 63 0
18 143 -16
79 83 -15
62 121 -18
