1
200 12 176 88
-304840241 -493247335 -177371757 -816223685 -883511059 -586733466 -868106278 -945568980 -953804233 -754272648 -825169819 -326828269 -290010452 -932849471 -976194430 -532950764 -568579996 -440652797 -250585064 -997668971 -438871729 -683319772 -290928458 -846012535 -942798512 -142949359 -400388794 -818606268 -707928449 -311044633 -673952938 -678890869 -301703067 -232214853 -730147706 -666007544 -214715284 -660201880 -54010617 -759498284 -298432772 -966170939 -423994831 -944726416 -52157496 -564311624 -676361028 -300110389 -506570280 -386226097 -389676839 -24444597 -62556464 -664136324 -515278213 -18388874 -538388807 -687021428 -563375651 -167004102 -987955378 -693657898 -854356961 -743901451 -541419384 -705895127 -22649440 -103644179 -934635133 -847787486 -768693640 -871229796 -568881826 -220116692 -490596524 -387316063 -951903869 -596325760 -248444622 -488977147 -43214007 -269785446 -918300220 -655474663 -397110107 -245689721 -736624046 -103864215 -235124116 -780076971 -265562449 -915001322 -123729540 -604047415 -275009791 -611353055 -658498785 -539145208 -707878426 -456376150 -758177959 -973608512 -403001149 -404678138 -136201395 -146310512 -738910865 -432025133 -866322679 -235308383 -397887157 -120365358 -691622673 -494478516 -174257954 -201415735 -410651351 -363395534 -689795251 -963557666 -247014654 -216787433 -996999041 -245739625 -913442953 -644704728 -342399915 -676076252 -71134741 -481333475 -152536499 -840363739 -234021937 -430903829 -379152282 -79145033 -844527178 -409440585 -721189433 -918037631 -369885172 -47565707 -879438967 -981305392 -415003433 -326848250 -587518189 -95242024 -497257348 -785556373 -365119113 -507010298 -201731596 -285112385 -725269634 -383231163 -707804426 -591798615 -521301105 -796360767 -491558705 -397388808 -262136279 -789128429 -871736294 -878687757 -457652978 -468944519 -880914404 -831069793 -483522504 -648421467 -446271500 -243864489 -63670741 -526971471 -809337567 -760550128 -462880043 -988567831 -401676404 -806258254 -291272888 -900753833 -77319996 -138752957 -463569079 -758863007 -587545273 -640289735 -506212173 -732376340 -14574383 -36487940 -707428633 -156018951 -529824513 -206138796 -995569600 -895891677
0 0 0 0 0 0 0 1 0 1 0 0 1 0 0 1 1 0 0 0 1 0 0 0 1 0 1 1 0 0 1 0 0 0 1 0 1 1 0 0 1 1 0 1 1 0 1 0 0 1 0 0 0 0 0 1 1 0 1 1 1 1 1 0 1 1 1 1 0 1 1 0 0 1 1 0 0 0 1 1 1 1 1 1 0 0 0 1 0 0 0 0 0 0 1 0 0 0 0 1 1 0 1 1 1 1 1 1 1 1 1 1 1 0 1 0 0 1 1 1 0 0 0 1 0 1 1 0 0 1 0 0 0 0 1 0 0 0 1 1 0 1 1 1 0 1 1 1 0 1 1 0 0 1 1 0 1 0 0 0 1 0 1 0 0 0 1 1 1 1 1 0 0 1 0 1 0 1 1 0 0 1 0 0 0 0 1 1 1 0 1 0 0 1 0 1 1 0 0 0
6 17 -645823833
73 91 -768894298
4 44 -907161271
20 191 -669313340
105 163 -51405516
39 167 -366310790
25 39 -903537434
17 26 -937426944
51 114 -819471653
37 51 -479767016
8 144 -148755101
94 143 -357985875
