1
200 23 108 5
-905843456 -497738696 -398408085 -518390461 -92863908 -979208125 -541734911 -566049102 -24135649 -359276130 -810261077 -609016230 -858266460 -148315933 -701562243 -830255455 -162764157 -317758319 -76465778 -14923736 -285075262 -358842787 -672038703 -542977366 -470371206 -528770995 -917421112 -482773584 -398855348 -933696635 -995725605 -758628151 -319989041 -272420169 -315269120 -82434471 -190042247 -308287576 -747572214 -309227809 -600120429 -465772374 -473263169 -908960311 -900802046 -984496193 -106434230 -198777358 -856166626 -857521886 -27092338 -519527500 -949334587 -521450551 -268478394 -257248648 -562581137 -45265575 -670137586 -556113738 -147334438 -939767583 -455060757 -918859691 -321245306 -91689698 -533016351 -133259652 -780358941 -928366728 -15626932 -528852639 -277180454 -976800809 -533983384 -783299083 -192497198 -612232677 -262082766 -518752381 -595463605 -935978851 -455603536 -757966373 -733208223 -828166973 -137434713 -555145165 -781614920 -661433716 -173530680 -611099855 -817403305 -684246399 -951584090 -458950824 -615079241 -969766272 -321427594 -627387845 -277690284 -97984727 -450175517 -478582641 -921169823 -752913525 -140931954 -738598551 -10399101 -632720269 -228036485 -915591704 -213701294 -583468083 -255996020 -314252579 -992507866 -231442636 -99144450 -336704035 -970580717 -949361 -359602366 -792368538 -909271821 -708290334 -910792956 -295124100 -353492781 -716279911 -628978155 -898851828 -670089227 -148713039 -932571947 -183896816 -851932601 -982288450 -215159373 -797533014 -483533014 -247622396 -986974587 -610724245 -746515145 -564962108 -861763507 -551614160 -780463155 -766794180 -521392746 -693823221 -212683474 -594623150 -849202415 -304699167 -205916294 -837987574 -822522898 -18458037 -200461836 -385816933 -468264662 -328626446 -88074448 -648571023 -972668808 -262029351 -671031495 -925547767 -401143735 -259300098 -509236325 -548282891 -574202262 -237884245 -637333756 -737662880 -704061674 -618207893 -150341070 -342681322 -905559975 -811899516 -782036713 -252967647 -5604649 -101909864 -419237490 -519359160 -212916660 -145901672 -800295986 -139203578 -205020993 -800837783 -592964317 -212811042 -660149159 -479849394
0 1 0 0 0 1 1 1 0 1 0 0 0 0 0 1 1 1 0 0 0 0 1 1 0 0 0 1 0 1 1 1 0 1 0 0 1 0 0 1 1 1 0 1 1 0 1 1 0 0 0 0 1 1 0 1 0 0 0 0 1 0 1 1 0 0 0 1 1 0 1 0 1 1 0 1 1 0 0 1 1 0 1 0 0 0 0 0 1 1 1 0 0 0 0 1 1 1 0 0 0 0 1 0 0 1 0 0 0 1 0 1 0 0 1 1 0 0 0 1 1 0 1 1 0 1 0 1 0 1 0 0 1 1 0 0 1 0 1 1 1 1 1 1 0 1 1 0 0 0 1 1 0 1 0 0 1 0 1 0 0 1 1 0 1 0 1 1 1 0 1 1 1 1 0 0 0 1 1 0 0 1 1 1 1 1 0 1 0 1 1 1 1 1 1 1 0 1 0 0
127 133 0
26 138 0
52 104 0
55 59 0
130 149 0
106 192 0
117 160 0
1 105 0
155 186 0
7 24 0
77 99 0
135 163 0
28 89 0
2 54 0
130 145 0
42 46 0
16 40 0
39 137 0
19 26 0
61 181 0
113 166 0
152 175 0
76 189 0
