1
200 137 171 83
-459133584 -807857108 -265630252 -439108923 -233383560 -25168203 -802562750 -796411558 -660323284 -205747989 -886677154 -962588039 -471612683 -218972802 -350404214 -340084506 -893275210 -817919884 -364369826 -300231840 -826916553 -544699754 -806708506 -292814789 -292423296 -388159280 -749776090 -122295091 -691182232 -757334466 -488975152 -672736586 -787274887 -316971719 -127239342 -189575102 -845628310 -671025898 -552010185 -931775661 -103683030 -907654537 -984694939 -362060853 -402582093 -943759358 -828146251 -785499719 -634221447 -247979915 -374347928 -307432579 -208329968 -795019542 -487070716 -428454799 -895377194 -371264785 -914412442 -839938600 -550599854 -336724272 -542988605 -917400593 -114103743 -969575164 -144418698 -899367189 -278717202 -431994574 -311614137 -567674362 -167765831 -26174201 -264062584 -663050068 -774463787 -651106868 -867363275 -743420428 -268225516 -307035871 -868107423 -935707902 -408823608 -451073113 -460351995 -473708339 -37740618 -859944588 -9384659 -672386950 -430526570 -480415450 -713501898 -764376078 -190763535 -893047734 -233793411 -975357611 -684162768 -643001398 -441360331 -889316275 -917474877 -440029866 -760168433 -286716270 -50185944 -714572053 -522675929 -688940654 -904751921 -213900787 -416744300 -706168908 -274526647 -823573310 -963225547 -494826080 -240740200 -115293752 -280135506 -801560920 -70117960 -155406421 -744713782 -552526584 -618260329 -519970773 -9056848 -541632721 -267784864 -719100912 -468951788 -632394858 -382365823 -449497159 -220858490 -500110535 -506300854 -428226137 -539765794 -167642526 -41519120 -76111044 -962601618 -481639086 -846986208 -130836519 -583190108 -877894240 -297438934 -982971993 -486033934 -12501046 -972648406 -644027059 -812710758 -93284918 -623258103 -372074966 -30697047 -97769327 -214821144 -31536903 -917195361 -604856791 -3622223 -948037561 -284982669 -37940429 -444627303 -55650523 -114403068 -964920191 -79552144 -620820534 -891567553 -687200181 -37346111 -250182936 -900292426 -223514515 -57886527 -603862552 -607478083 -885983125 -509417601 -409540501 -798542186 -44764258 -532249503 -167525769 -129906152 -352971653 -506204444 -737215864 -305308396 -287801258
1 0 0 0 1 0 0 1 1 1 1 1 0 0 1 0 0 0 1 1 0 1 0 0 1 0 0 0 0 1 1 0 0 1 1 0 0 0 1 0 0 1 1 1 1 1 0 1 1 0 1 1 1 0 1 0 0 1 0 1 1 1 0 0 1 0 1 1 1 1 0 1 1 1 0 1 1 0 1 0 0 0 1 0 0 0 0 0 0 1 0 0 0 1 1 1 1 0 0 1 0 0 1 0 0 1 0 0 0 0 0 0 0 1 1 0 1 0 0 1 1 1 1 1 1 1 0 0 0 1 0 0 0 0 1 1 0 1 0 0 1 1 1 1 1 0 0 1 0 0 1 1 0 1 1 0 0 0 1 1 0 0 1 0 0 0 1 1 0 1 1 1 0 0 0 1 0 1 0 0 0 1 0 1 1 0 1 1 1 0 1 0 1 1 1 1 0 0 0 0
13 14 -458656092
26 191 -810206943
37 74 -522333671
28 38 -182075528
103 122 -217112488
27 65 -941901527
5 22 -495580317
9 125 -395091125
74 76 -478581067
67 115 -821617905
8 83 -168338597
26 150 -551511791
55 139 -889025350
21 61 -821271604
27 193 -96380268
6 28 -927602142
19 73 -379362448
19 67 -479969422
92 103 -620331109
18 30 -402945901
39 42 -763169005
27 123 -917234544
23 35 -750434106
3 19 -820900059
1 182 -193427556
30 144 -804136667
2 53 -807678760
79 109 -882598195
150 164 -526759793
9 36 -851911789
92 95 -401287186
37 52 -264021776
74 183 -151368033
38 81 -443618112
26 101 -165571669
7 17 -94909472
19 178 -175792439
12 69 -459867849
45 179 -794483317
173 184 -997077100
8 120 -795113861
6 8 -525051460
86 105 -377132873
6 84 -135451604
3 10 -241571312
109 192 -331444863
38 140 -508941557
17 165 -866345744
156 167 -720247923
1 3 -367217979
71 99 -783767956
16 40 -87728593
59 63 -965918696
1 2 -567927184
57 136 -713045818
46 127 -497953585
36 45 -945638413
109 187 -935859920
2 6 -350588285
47 124 -760548282
60 137 -26700292
150 157 -890275188
96 132 -815843030
60 131 -874341176
128 176 -50155901
28 154 -36378615
28 33 -562929949
28 41 -225087282
43 114 -28280805
114 128 -56055161
27 49 -585705840
54 62 -301175528
58 70 -898795928
124 200 -175950463
29 37 -980267350
91 112 -358285045
109 153 -879486213
51 88 -231078022
60 86 -163148869
41 134 -465078659
45 57 -790912327
103 119 -769759826
75 163 -275315339
117 196 -157260255
16 197 -999635272
23 47 -648595777
80 116 -459381687
46 161 -251287889
73 107 -7868624
52 169 -908980346
6 39 -442330358
84 170 -922669529
12 151 -903369989
53 58 -634620935
22 92 -629010228
95 145 -481126190
102 156 -223718748
19 89 -523487203
2 72 -650525010
51 181 -316137579
13 23 -798270639
44 91 -890445395
29 48 -130291675
136 146 -428805237
156 168 -216349096
118 166 -387613654
94 117 -268387077
10 11 -808965515
33 174 -21471647
5 18 -770944269
133 149 -133973748
117 189 -321726787
59 160 -672678871
5 60 -220097989
13 15 -574493156
49 141 -382917648
43 56 -634130087
73 135 -314260325
23 25 -835386277
23 50 -864822261
11 13 -563454213
88 195 -277677230
71 185 -58379025
9 51 -789033905
1 90 -772444613
23 66 -503677491
3 16 -357586276
27 180 -995865349
7 96 -493184181
23 43 -194420012
14 54 -327267999
24 59 -913903297
4 186 -591054844
37 194 -189435981
4 5 -658648656
33 158 -236763853
101 199 -621018879
