1
200 162 143 1
-168968380 -966172572 -982295686 -167726717 -782063314 -472866445 -497394991 -894967732 -107451295 -5107058 -94938245 -61495302 -708155871 -637579989 -446251782 -854334530 -177496617 -841884210 -255033309 -909464188 -485694379 -941085019 -978904095 -369360373 -481466098 -24148992 -203445964 -190879493 -379659856 -95812679 -331765279 -761598455 -283424887 -828181980 -994581893 -667931577 -296043927 -34990179 -349354988 -779547093 -625104302 -245342890 -25509544 -463887854 -946433394 -374868045 -185133686 -613237740 -474407911 -927216642 -936380618 -63350784 -267737048 -793107779 -210997047 -160189034 -444051127 -466508860 -729237739 -904040190 -785769801 -656231139 -499837634 -148269629 -683325505 -552148254 -113171133 -447023554 -118924415 -911561415 -782175102 -44792773 -844532378 -298631822 -796530603 -906450007 -879676523 -75842174 -931673162 -748635704 -432214252 -670717211 -611746961 -133674564 -695450652 -611217636 -650155598 -748981626 -71992738 -732377765 -890740407 -848627338 -375494492 -203330546 -56666503 -112979105 -379706976 -694288875 -530651636 -7723807 -527059010 -652806865 -402558943 -176662829 -991867814 -934015291 -478524669 -33160519 -488064161 -224904829 -726374006 -337997803 -248557023 -676615802 -847562848 -971828169 -204266783 -399530018 -136877067 -964154748 -869534725 -938363650 -624866430 -494993186 -487879254 -816163770 -916183125 -285540339 -429767737 -623090266 -860434107 -485533627 -205897727 -196024441 -28429659 -35543403 -442243332 -760269620 -365101385 -478871443 -531203290 -639227534 -827965307 -904835763 -544772760 -241862175 -457911026 -743498961 -221725654 -466030925 -13451599 -965403136 -507100298 -343413287 -790275703 -296409076 -873027058 -682728237 -954019348 -573160670 -438486561 -166658485 -336117096 -897151068 -46135606 -324078508 -485110259 -519541292 -80006230 -501868078 -788541941 -687917219 -212760723 -418679480 -154627595 -138716744 -933915439 -880320344 -3814718 -256383435 -459616953 -26346677 -234679640 -941996397 -467061298 -504240530 -914121550 -205335684 -743298915 -261478402 -952387866 -755644606 -232432668 -460909457 -551431226 -365661778 -598390002 -217266026 -576490959 -680324327
1 0 1 0 0 1 0 0 0 1 0 1 1 0 1 0 1 1 1 1 1 0 1 1 0 1 1 0 1 1 0 1 0 1 1 1 0 1 1 0 1 1 0 1 1 0 1 1 1 0 0 0 1 1 1 0 0 1 0 0 1 0 1 0 1 1 0 1 0 0 0 0 0 0 0 0 1 1 0 0 0 1 0 0 0 1 1 1 0 1 1 0 0 1 0 0 0 0 0 0 1 0 1 0 1 1 0 0 1 1 1 0 0 0 0 1 0 0 0 1 0 1 0 1 1 0 1 1 0 0 1 0 1 0 1 0 0 1 1 1 0 1 1 0 1 1 0 0 0 1 1 1 0 1 1 0 1 0 1 1 1 1 1 0 0 0 0 0 1 0 0 0 1 1 0 1 1 0 1 0 0 0 0 1 1 1 1 0 1 0 1 1 1 0 1 0 1 0 0 0
61 73 0
14 78 0
24 80 0
82 88 0
44 165 0
18 38 0
6 55 0
6 7 0
5 10 0
39 84 0
44 77 0
146 190 0
137 148 0
48 154 0
143 145 0
6 65 0
6 180 0
36 157 0
9 12 0
9 146 0
31 150 0
1 125 0
38 159 0
1 14 0
78 94 0
4 5 0
49 136 0
79 194 0
43 156 0
80 174 0
40 101 0
22 29 0
132 142 0
3 25 0
54 92 0
48 95 0
1 87 0
113 122 0
72 160 0
89 116 0
122 176 0
77 126 0
24 99 0
113 158 0
26 104 0
113 134 0
43 75 0
7 69 0
104 162 0
95 197 0
19 26 0
11 123 0
5 33 0
14 43 0
28 79 0
30 178 0
10 23 0
20 187 0
27 67 0
16 30 0
2 8 0
10 177 0
43 52 0
20 54 0
9 56 0
22 41 0
2 112 0
30 46 0
8 36 0
36 189 0
33 63 0
10 105 0
58 98 0
26 59 0
3 4 0
31 35 0
146 167 0
7 57 0
9 11 0
10 47 0
27 50 0
17 45 0
63 166 0
102 195 0
76 86 0
20 161 0
2 3 0
24 31 0
134 200 0
10 16 0
67 138 0
123 129 0
90 119 0
46 60 0
39 76 0
27 42 0
62 96 0
24 39 0
111 139 0
60 85 0
18 131 0
101 109 0
33 53 0
7 135 0
126 128 0
53 181 0
12 22 0
127 143 0
1 2 0
76 91 0
10 93 0
38 115 0
122 193 0
16 71 0
141 191 0
9 198 0
27 107 0
92 192 0
63 64 0
15 58 0
117 173 0
87 124 0
70 120 0
17 49 0
138 147 0
32 40 0
54 100 0
34 72 0
41 188 0
26 27 0
9 61 0
13 117 0
15 24 0
83 140 0
148 182 0
13 34 0
109 175 0
40 82 0
4 20 0
57 111 0
88 153 0
89 170 0
92 103 0
14 37 0
46 133 0
122 183 0
34 89 0
59 199 0
44 114 0
98 155 0
5 90 0
12 44 0
14 19 0
124 179 0
17 48 0
89 196 0
125 186 0
41 185 0
33 81 0
5 15 0
56 164 0
19 137 0
