1
200 142 95 31
-2 -1 -2 -5 -4 -5 -2 -3 -4 -1 0 -2 0 -1 -4 -1 -5 -5 -5 -4 -5 -3 -4 -5 -4 -2 -4 -1 -3 -4 -2 -2 0 0 0 -1 0 -2 -5 -5 -1 -5 -1 -2 -3 0 0 -5 -3 -1 -1 -4 0 -5 0 -1 -4 0 -2 -1 -2 -3 0 -3 -4 0 -1 0 0 -1 -3 0 -1 -2 0 -3 0 -3 -2 0 -2 -5 -4 -1 -1 -3 0 -3 -3 -2 0 -5 -3 -5 -2 -4 -1 -4 0 -2 0 -4 -3 0 -2 0 -3 -2 -5 -2 -2 -5 -3 -2 -5 -5 -5 -5 0 -5 -2 -1 -4 0 -4 -1 -1 -5 -1 -5 -4 -2 -3 -1 -3 -5 -5 -3 -4 -1 -2 -4 -4 -5 0 -4 -3 -4 -2 -4 -3 0 -2 -4 -1 -5 -5 -3 -4 -5 -5 -4 0 -1 -2 -5 -3 -5 -1 -3 -5 -1 -3 0 -3 -2 0 -1 -5 -2 -5 -4 -4 -1 -1 0 -3 0 -3 -2 -3 -5 -4 -5 -5 -4 -1 -4 -5 -1
0 1 0 0 0 1 0 1 1 1 1 0 1 0 0 0 1 1 1 1 0 1 1 1 0 1 1 0 0 0 0 0 0 0 0 1 0 0 1 0 1 1 1 1 0 0 0 1 1 1 0 0 0 0 1 1 0 0 1 1 0 0 0 1 1 1 0 0 1 1 0 1 1 0 0 1 0 1 0 0 0 0 0 1 1 1 0 1 0 0 0 1 1 1 0 0 0 0 0 0 0 0 0 1 1 1 0 1 1 0 1 1 0 0 1 1 1 1 0 1 1 1 0 0 1 1 1 1 1 0 1 0 0 0 0 1 0 1 1 1 1 1 0 1 0 1 1 1 0 0 1 0 1 1 0 1 0 0 0 1 0 0 0 0 1 1 1 1 0 0 1 1 0 0 0 1 0 1 1 0 1 1 1 1 1 0 1 0 1 0 1 1 0 0 0 0 1 0 0 1
41 120 -3
20 33 -4
21 26 0
24 29 -1
132 179 -2
101 128 -3
59 121 -4
28 45 -1
14 74 -4
52 170 -3
42 80 -4
24 28 -2
59 129 -1
89 107 -3
108 153 -4
52 84 0
18 113 0
32 88 -2
92 127 -2
2 73 -1
40 134 -2
84 103 0
23 195 -3
47 143 -2
32 105 -5
61 70 -5
113 169 -3
40 118 -5
11 22 -2
13 20 -5
42 82 -4
35 145 -3
87 187 -5
61 77 -1
16 90 -2
15 47 -5
135 136 0
1 3 -4
72 108 -4
126 182 -3
122 190 -2
21 133 -1
39 66 0
117 194 -1
21 35 -2
23 34 -1
3 9 -4
53 102 -3
3 4 -5
98 112 -5
49 61 -3
59 85 -5
6 10 -2
5 55 -4
11 31 -2
58 65 0
53 63 -4
123 183 -2
35 40 -1
24 106 -1
13 18 -3
71 141 -4
118 167 -5
27 122 -3
26 27 0
9 51 0
101 116 0
63 79 -3
23 191 -3
91 178 -5
6 23 -1
8 162 -4
1 19 -1
67 97 -2
67 163 -3
59 200 -5
80 149 -4
127 165 -3
36 140 -4
4 64 -2
58 168 -2
127 139 -3
38 135 -5
31 36 -1
21 32 -4
7 110 -3
11 59 -5
3 7 -4
44 72 -4
3 5 0
7 164 -1
14 16 0
110 188 0
42 60 -2
73 115 -3
15 173 -5
65 197 -2
4 146 -2
41 117 -1
38 53 -3
8 157 -2
166 181 -2
20 159 0
66 86 -4
9 12 0
27 52 -4
11 92 -1
36 49 -4
47 68 -4
2 6 -3
120 184 -4
17 54 -3
108 192 -1
100 124 -4
104 166 -1
3 11 -2
2 14 0
137 171 -1
26 41 -3
48 148 0
3 25 0
3 43 -3
95 123 -2
35 98 -4
48 111 -1
118 144 -2
6 42 -4
39 101 0
96 132 0
89 198 -2
22 99 -4
39 87 -2
31 151 -4
12 30 -2
71 81 0
135 193 -2
26 50 -4
32 172 -1
126 154 -5
25 38 -3
10 13 0
12 142 -1
