1
200 102 200 7
-831762381 -992322532 -833437042 -789944868 -53185386 -296900296 -989406524 -634239432 -382775503 -935232934 -336431657 -438933137 -679244022 -182700280 -811852352 -576695980 -546215450 -398846985 -859712338 -676348636 -514193014 -484141983 -229646086 -518817888 -412274352 -986380257 -488187597 -439320096 -740777437 -521166046 -343549396 -751907317 -333811424 -842632085 -32440081 -961704605 -271632298 -339486324 -410893541 -997793603 -154742033 -30313870 -241799373 -941262935 -204397104 -286467295 -115355415 -75286388 -226222878 -427101294 -906467183 -591590089 -816890330 -46605973 -87972549 -160897253 -414312087 -632189019 -609125529 -144605583 -488227072 -756873708 -754377618 -956850324 -991899079 -305918380 -878210398 -1783594 -532405202 -205526113 -523388163 -205157155 -697355933 -943093764 -585768318 -875331347 -761490987 -410582904 -385647 -740928189 -114982891 -331427401 -381424411 -376043895 -436080497 -964757533 -147607685 -923290589 -748368891 -259766222 -426181104 -429933462 -640277537 -660168627 -650898599 -20442727 -842251994 -600991123 -347999070 -93153838 -263059070 -989049503 -561983853 -546380950 -286116979 -396620950 -857109114 -638018827 -421210897 -874194540 -2663758 -116794994 -930300156 -211057521 -489793349 -638782121 -935353963 -990184322 -587938319 -970576125 -406549481 -318307177 -479637993 -734275253 -395598766 -124004571 -197143082 -634475447 -692776575 -735735894 -563193211 -510993990 -147194717 -733803111 -248378845 -981181577 -216050202 -634881750 -979495420 -775308293 -34421532 -659609914 -315328191 -784792601 -898897024 -31102876 -882824955 -68384492 -437539755 -487086852 -471707509 -817579950 -555828797 -529502160 -356747846 -898163598 -417398621 -134860658 -358723269 -195574775 -297353449 -523800534 -474125134 -502170908 -254796880 -504349234 -13480409 -335499606 -204055333 -266699164 -930988025 -454372925 -550487362 -983132840 -906083497 -465597166 -765459792 -493730967 -773643548 -970045171 -365622439 -273329220 -806991808 -185556453 -84300167 -864603216 -843783030 -376103306 -421624999 -559530551 -918244089 -984610413 -811691075 -996301076 -179438940 -321840480 -624190330 -753974664 -215539123 -981960389
1 1 1 1 1 1 1 1 1 1 0 1 1 1 1 1 1 1 0 1 1 1 1 1 1 1 1 1 1 1 1 1 1 1 1 1 1 1 0 1 1 1 1 1 1 1 0 1 1 1 1 1 1 1 1 1 1 1 1 1 1 1 1 1 1 1 1 1 1 1 1 1 1 1 1 1 1 1 1 1 1 1 1 1 1 1 1 1 1 1 1 1 1 1 1 1 1 1 1 1 1 1 1 1 1 1 1 1 0 1 1 1 1 1 1 1 1 1 1 1 1 1 1 1 1 1 1 1 1 1 1 1 0 1 1 1 1 1 1 1 1 0 1 1 1 1 1 1 1 1 1 1 1 1 1 1 1 1 1 1 1 1 1 1 1 1 1 1 1 1 1 1 1 1 1 1 1 1 1 1 1 1 1 1 1 1 1 1 1 1 1 1 1 1 1 1 1 1 1 1
124 137 0
56 82 0
40 135 0
8 100 0
101 192 0
2 105 0
66 184 0
102 194 0
11 55 0
107 118 0
144 165 0
55 131 0
42 89 0
41 108 0
84 133 0
1 10 0
24 33 0
57 79 0
88 142 0
115 166 0
58 128 0
61 62 0
18 23 0
26 37 0
5 7 0
19 35 0
1 2 0
4 18 0
92 158 0
6 25 0
117 190 0
29 183 0
104 113 0
35 171 0
80 86 0
32 102 0
2 3 0
53 163 0
12 42 0
57 74 0
123 130 0
7 110 0
70 187 0
31 147 0
15 20 0
38 175 0
59 179 0
68 77 0
85 107 0
174 191 0
137 140 0
33 134 0
107 112 0
126 169 0
21 44 0
119 143 0
128 141 0
26 59 0
46 99 0
90 196 0
107 155 0
44 72 0
134 185 0
6 186 0
108 129 0
62 122 0
10 58 0
25 109 0
1 4 0
36 63 0
13 16 0
38 41 0
16 17 0
2 12 0
1 11 0
5 22 0
3 56 0
15 61 0
144 168 0
52 111 0
24 51 0
22 31 0
14 15 0
106 116 0
81 167 0
1 24 0
118 144 0
32 126 0
5 83 0
41 87 0
120 153 0
36 46 0
5 27 0
28 64 0
122 170 0
18 197 0
45 162 0
11 21 0
31 71 0
5 52 0
45 104 0
11 115 0
