1
200 10 179 80
-446408966 -566074815 -453054980 -195462789 -467641811 -675208585 -247999142 -769732868 -282233900 -178602236 -180787326 -191064911 -273328465 -682322 -489885409 -971352662 -675116611 -709847187 -193570726 -6982853 -48868562 -963604270 -821855867 -92616405 -354971604 -662221892 -501429151 -527524915 -702647652 -233598853 -976548131 -189638934 -885292820 -443842006 -586947609 -742094545 -77512425 -113650425 -65778123 -619649139 -747386468 -672166829 -129068120 -987895406 -776536965 -911197877 -715268368 -808884600 -668231034 -220352973 -565516701 -49564380 -17845085 -955595053 -813579870 -689346870 -640376578 -667803940 -565025747 -989141301 -386700451 -373199604 -783544462 -870266694 -618759013 -179575511 -251190374 -235652923 -846779772 -656084614 -789330773 -508770605 -246132633 -965564291 -249531912 -347823678 -47541854 -416691285 -707410747 -254122774 -281034531 -540278963 -655670485 -42091660 -461042683 -333768707 -544873094 -690017475 -336476201 -543519829 -329405846 -377066328 -880435889 -781399342 -758834306 -460028540 -468420593 -30835696 -619266542 -776452304 -272963019 -300637976 -422706602 -99215227 -562390734 -531085660 -471088812 -876106690 -810436458 -667818540 -946219506 -298911103 -782354271 -147446278 -981043269 -868421954 -630677445 -744894868 -768544299 -495713955 -648079778 -390760310 -173314431 -891768107 -667399583 -303262454 -701780281 -550452016 -575315257 -247652937 -963220374 -89140483 -171601601 -433720306 -734880199 -6703909 -159920588 -512784168 -690486402 -554786380 -643904157 -595800667 -492703135 -140201225 -925209294 -523403841 -646413323 -975097017 -712673305 -752665329 -431979619 -37678130 -225037907 -252206382 -637547799 -508977238 -121079927 -349832323 -120782215 -905110228 -41101223 -53088742 -663105316 -386310822 -630672075 -483272477 -179105992 -99106481 -323092935 -851474139 -72780794 -906085202 -760034690 -887460521 -251408613 -806681025 -980369488 -784226595 -162162393 -318718345 -282248560 -75103795 -322978708 -720841913 -771239798 -475168865 -90575268 -33847070 -522169079 -14738160 -56505054 -187822809 -333689434 -392181207 -477041730 -106578654 -867152378 -793943986 -665370539 -176268372
1 0 0 1 0 0 0 0 1 0 0 1 0 1 0 0 0 1 1 1 0 1 0 1 0 1 0 1 0 1 0 0 0 0 0 1 0 1 0 1 0 1 0 1 1 0 1 0 1 0 0 0 0 1 0 0 0 1 0 0 1 0 1 0 0 0 1 0 0 0 0 0 0 1 1 1 0 1 1 1 0 1 1 1 1 0 0 0 0 0 1 1 0 0 1 1 0 0 1 0 1 1 0 0 0 0 1 0 0 0 0 0 0 1 0 0 1 1 0 1 0 0 0 0 0 0 0 0 0 1 0 0 0 1 0 0 1 0 0 0 1 0 0 0 1 0 1 1 1 0 1 1 0 0 0 1 0 1 1 1 1 1 1 0 0 1 0 1 1 1 1 0 0 0 0 1 1 0 0 0 0 0 0 1 1 0 0 1 0 0 1 0 0 1 1 0 0 0 1 1
4 190 0
126 172 0
77 82 0
4 24 0
170 182 0
18 76 0
25 195 0
32 33 0
114 118 0
53 112 0
