1
200 188 192 96
-10 -15 -8 -11 -1 -19 -10 -9 -19 -4 -6 -1 -18 -8 -6 -4 -10 -15 -19 -16 -7 -16 0 -7 -9 -14 -7 -10 -8 -2 -13 0 -18 -6 -7 -14 0 -9 -14 -19 -6 -15 -20 -5 -1 -4 -19 -13 -13 -10 -13 -14 -11 -17 0 -17 -16 -10 -4 -6 -13 -2 -14 -20 -18 -4 0 -1 -5 -14 -8 -4 -5 -13 -11 -11 -9 -6 -4 -8 -10 -13 -18 -2 -7 -13 -16 -7 0 -12 -8 -15 -13 -11 -19 -18 -18 -10 -3 -10 -7 -1 -15 -19 -11 -18 -8 -6 -6 -17 -1 -19 -13 -16 -5 -18 -17 -12 -11 -17 -10 -19 -16 -9 -15 -4 -19 -10 -5 -13 -18 -4 -2 -11 -13 0 -17 -16 -17 -9 -3 -11 -11 -19 -15 -13 -11 -17 -3 -1 -20 -2 -11 -10 -1 -14 -19 -11 -2 -17 -9 -19 -3 -5 -14 -11 -8 -5 -11 -3 -11 -9 -16 -14 -16 -7 -18 -10 -4 -9 -5 0 -1 -18 -8 -13 -8 -2 0 -11 -11 -4 -7 -20 -8 -16 -5 -20 -18 -5
1 0 1 0 0 0 1 1 0 0 1 1 0 0 1 0 0 0 1 1 1 0 1 1 0 1 1 1 1 1 0 0 1 1 1 0 0 1 0 0 0 1 0 1 0 0 0 0 0 0 0 0 0 0 0 1 1 0 0 1 1 0 1 1 0 1 0 1 1 1 0 0 0 0 0 0 1 0 0 0 0 1 1 0 1 0 1 0 0 0 1 1 1 1 0 1 0 1 1 1 1 1 1 0 0 0 0 1 0 1 1 0 1 1 1 0 0 1 1 1 1 1 0 1 0 0 0 0 1 0 1 1 1 0 1 0 0 0 0 1 0 1 0 0 1 0 1 1 0 0 1 1 1 1 1 1 0 0 1 0 1 0 0 1 1 1 0 1 0 0 1 0 0 1 1 0 0 1 0 1 0 0 1 1 1 1 1 0 0 0 0 1 1 0 0 0 1 0 0 0
125 143 -7
38 54 -11
7 39 -14
32 68 -15
41 157 -3
48 58 0
29 177 -15
87 95 -1
15 115 -12
3 47 -12
2 9 -13
180 185 -10
34 132 -20
106 154 -7
57 69 -1
47 98 -14
20 46 -1
2 14 -3
69 180 -19
1 5 -8
91 155 -9
43 117 -2
166 173 -2
1 2 -5
19 41 -5
92 168 -17
75 167 -12
117 171 -1
13 51 -12
45 50 -20
19 197 -7
2 81 -19
17 20 -12
46 137 -2
16 35 -16
10 22 -18
105 131 -15
45 91 -17
96 192 -2
31 133 -16
39 172 -7
17 128 -4
99 165 -6
10 71 0
28 70 -9
30 200 -12
54 109 -19
6 29 -13
96 156 -15
90 142 -4
2 3 -15
92 182 -13
101 140 -10
104 189 -20
1 120 -10
25 63 -11
92 191 -3
38 62 -12
5 13 -3
99 195 -18
107 110 -6
83 181 -4
144 166 -7
2 75 -5
14 148 -14
71 94 -10
38 45 -20
28 107 -2
1 15 -14
7 19 -7
20 129 -6
61 101 -11
18 153 -3
16 53 -14
117 122 -20
6 21 -13
71 89 -13
106 136 -5
124 150 -13
6 57 -9
52 65 -6
38 43 -14
30 40 -11
42 160 -10
5 111 -14
17 99 -18
6 12 -2
21 162 -1
148 161 -9
24 170 -10
138 141 -13
99 184 -15
86 144 -20
8 49 -14
38 42 -17
30 56 -7
3 11 -19
62 66 -13
12 27 -15
46 55 -4
48 80 -10
110 121 -1
118 135 -10
62 72 -16
47 169 -13
27 59 -12
69 175 -15
66 73 -3
75 93 -14
93 179 -2
51 108 -2
30 44 -20
6 24 0
64 119 -12
79 194 -12
134 151 -16
49 198 -11
18 30 -12
11 18 -5
22 77 -9
66 96 -5
20 116 -20
126 134 -6
4 79 -20
61 145 -9
15 26 -13
18 25 -1
45 64 -1
50 113 -19
42 138 -14
19 31 -16
4 164 -14
13 90 -4
159 176 -14
35 97 -16
128 139 -3
22 92 -16
107 124 -15
51 86 -13
160 196 -2
31 48 -10
34 84 -13
19 183 -18
65 83 -17
4 33 -16
60 112 -1
35 82 -4
32 74 -6
156 174 0
2 17 -16
39 130 -1
5 8 -19
39 85 -15
27 118 -11
20 34 -17
97 199 0
120 186 -5
40 114 -20
10 152 -11
56 106 -12
114 125 -9
5 6 0
26 88 -19
1 4 -2
35 100 -11
79 103 -10
39 178 -15
15 28 -15
11 37 -8
56 187 -10
90 102 -15
6 16 -12
152 163 -7
13 23 -2
3 78 0
31 105 -20
27 104 -14
127 193 -14
4 76 -1
57 87 -14
96 146 -18
186 190 -4
71 149 -5
108 159 -14
5 38 -7
21 60 -10
17 36 -1
28 67 -13
