1
200 162 125 62
-892653334 -351189265 -178432560 -336778465 -201596680 -483499907 -732394716 -173471168 -294587121 -481386328 -282519749 -635802899 -621735726 -705059453 -317492487 -788895766 -748047338 -105333155 -993238451 -158283293 -365477518 -881645586 -475925828 -131522670 -800192544 -605553364 -858632976 -16553478 -895456032 -401899095 -886625401 -223445668 -387649906 -776602145 -190707818 -899374907 -331873913 -428603325 -637773371 -455235291 -335619582 -405617438 -74353735 -983168562 -185445389 -891474487 -625813504 -128472319 -734146154 -51259899 -851908165 -527082299 -30689748 -599062756 -302747265 -853565737 -106996101 -158679407 -514623401 -786765540 -933250269 -628244231 -804609973 -192786809 -574038180 -901263115 -112116689 -141442348 -984779026 -999860398 -582819202 -99901585 -100172975 -186026480 -238769654 -852363969 -15678379 -854702139 -453742029 -446289003 -573766325 -844971497 -224655418 -376138802 -46215262 -11095686 -884045743 -555013147 -829058074 -929988967 -952227795 -259318307 -550917946 -660169444 -59487663 -739092179 -147247653 -870892045 -336761543 -424106928 -714428985 -971863117 -431086428 -143902309 -357512781 -401016678 -713042989 -322342326 -213042638 -513723099 -35983528 -647601812 -656883910 -854503938 -904706980 -440529432 -363794835 -331672668 -605424260 -99506854 -650089396 -739517638 -768095900 -999846419 -599925237 -541184674 -506364297 -644137634 -608526181 -81090487 -219110584 -857875190 -956132068 -147350260 -910910801 -36488526 -410824042 -847494828 -381281799 -833182235 -823362225 -104869551 -445097799 -631554429 -568975110 -324536538 -653272069 -366615549 -279832024 -108602764 -543644878 -237833728 -317616244 -570196955 -697986723 -840253533 -93251671 -911028121 -291448761 -597802497 -299585211 -363208925 -745438166 -621292386 -304207970 -991818437 -152400912 -65132604 -832233970 -602835662 -164350362 -197120214 -304072079 -729726953 -791212553 -329857299 -465609392 -276226884 -15185715 -334064408 -624605487 -498656137 -96491332 -236460318 -622280532 -591298601 -930599859 -529097049 -252965791 -361885693 -772678447 -583487692 -689955320 -860727470 -14555253 -914253142 -515162081 -152381338 -931125213 -56862926
1 1 1 1 0 1 1 1 1 1 1 0 0 1 0 1 1 1 1 0 0 1 1 1 1 0 1 0 1 1 1 1 1 1 0 0 1 1 1 1 1 0 1 1 0 1 1 1 0 1 1 0 0 1 1 1 1 0 0 0 1 1 1 0 1 1 1 1 1 1 1 0 0 1 1 1 0 1 0 1 0 1 1 1 1 1 0 1 1 1 1 0 1 1 1 1 1 1 1 0 0 1 0 1 1 1 1 1 0 0 1 0 1 1 0 0 1 0 0 1 0 1 1 0 1 1 1 1 1 1 0 1 1 1 1 0 0 1 1 1 1 1 1 1 1 1 1 1 0 1 1 1 1 1 1 0 1 1 0 1 0 1 1 0 1 1 0 1 1 1 1 0 0 1 0 0 0 0 1 1 1 0 1 1 0 0 0 1 1 1 0 1 0 1 1 1 0 0 0 1
40 182 -419459463
18 104 -330625854
9 63 -675545753
130 142 -260498539
97 120 -793880951
180 191 -440879145
125 163 -177316698
90 92 -901038412
70 78 -274883545
70 194 -692342250
53 129 -591329615
142 200 -75950127
84 114 -777059090
61 69 -10210460
12 137 -984281506
35 140 -857831150
22 44 -170511
7 8 -856093257
11 91 -254288198
11 15 -827079213
61 77 -994884183
62 71 -317311097
46 105 -790105877
21 23 -896100658
109 161 -773557153
43 151 -543752933
16 18 -898200160
16 47 -538353254
51 80 -192072354
30 33 -426254479
32 34 -843250819
25 52 -372121173
21 26 -728180459
39 160 -272127215
134 139 -957209510
1 45 -629059576
168 181 -588731833
74 86 -702103501
31 83 -417770182
92 186 -375991515
9 67 -439320912
5 95 -883904852
48 88 -13261632
165 185 -471287309
75 141 -465696710
10 134 -479372025
45 115 -603476275
11 36 -323741765
46 128 -326612613
33 37 -767583674
14 155 -616582391
88 97 -178499084
37 59 -493203251
10 89 -166944529
50 106 -243055648
109 121 -460618898
4 6 -723583140
10 90 -484671704
65 76 -316565241
36 135 -225711503
21 169 -230344007
59 146 -412957759
112 125 -549911128
70 159 -43602502
15 149 -77102277
2 4 -702192235
7 10 -358847074
36 74 -414629245
33 42 -832197616
24 143 -376599526
82 84 -271665341
80 108 -89285173
10 28 -395035439
145 152 -322880818
62 81 -202329989
16 56 -878043174
24 49 -995158521
68 82 -428280982
3 29 -575422117
10 11 -691393335
59 101 -377723856
97 147 -20130213
143 190 -454600426
110 138 -863134053
88 111 -149356455
108 145 -297543764
19 22 -934902117
5 7 -3087792
31 196 -227206050
22 64 -475664523
10 51 -22738325
52 55 -709211764
34 113 -268947882
56 73 -14873920
43 167 -59045640
28 99 -961419821
2 30 -173521952
44 118 -102707293
1 2 -24929023
58 127 -881223084
77 98 -609307739
8 20 -285840598
98 172 -130689324
37 173 -688593342
28 32 -999358626
49 100 -842828623
13 174 -671254157
197 198 -53411484
1 5 -439828711
10 50 -174153191
69 170 -483402489
6 68 -631345895
17 124 -799178770
16 168 -726628654
2 13 -834395113
12 58 -636568092
38 177 -900712908
16 130 -288815951
67 116 -980254056
18 31 -347758230
42 61 -493123203
153 184 -997102110
7 70 -61617134
138 171 -898582385
20 43 -394180823
44 119 -120179899
5 17 -996929869
13 19 -88096777
87 150 -628426194
68 117 -277879383
147 175 -387564971
7 54 -286511060
4 14 -73102933
30 85 -325731810
34 122 -478880308
37 38 -170978381
17 27 -158612666
19 157 -53878413
2 3 -367070140
103 179 -457940984
62 65 -77883228
6 9 -233193345
3 12 -299407611
30 60 -950663902
73 199 -641834947
12 39 -978243209
45 53 -126129039
30 189 -22119236
17 112 -870829252
6 40 -275615312
72 178 -228981952
92 195 -11355187
14 24 -835363704
7 102 -520467802
11 41 -114419978
29 94 -676087422
9 35 -304782768
115 144 -374666680
51 154 -946997186
43 66 -361166883
156 197 -487578124
104 110 -698061390
