1
200 167 91 7
-854707120 -482017684 -918287950 -312121983 -812737787 -854400852 -210963977 -354793969 -155920272 -124560761 -485100487 -667352414 -246749523 -136317956 -597609310 -653597808 -768153404 -809802316 -89042384 -622786898 -893503504 -890784058 -788638823 -521953493 -913399194 -454967248 -225715642 -421511048 -915235826 -924679916 -677425187 -477015219 -210595986 -847445887 -133824150 -92898417 -575436232 -163652742 -163894702 -524027062 -435902362 -711162094 -747887722 -683480030 -731874469 -663864756 -404408386 -480355588 -772979654 -197009823 -179238794 -397056756 -864326472 -463095062 -712400723 -575611136 -816351927 -524027088 -143558522 -260342245 -223190822 -357210707 -388333862 -511506503 -892782251 -416635011 -993620797 -909444842 -682696511 -573930130 -945820522 -621323106 -591118511 -941581046 -96570290 -173600354 -719981899 -359771833 -402111396 -957820697 -146585359 -131550776 -200676442 -751186627 -850000675 -138476412 -800242290 -815291965 -23958195 -359602546 -448243531 -964137949 -692334940 -907230984 -348686210 -33722389 -603911944 -716744325 -963935087 -505277830 -932909226 -288218826 -909800749 -372926743 -686331892 -895737553 -428584206 -176558916 -902214409 -97386464 -507465413 -389849982 -405974115 -903104878 -384482918 -768300161 -992441135 -512488792 -282367107 -847964777 -810553814 -181306654 -181800241 -653518079 -165705048 -307717970 -738651258 -746228425 -374766637 -587945498 -226766969 -15002328 -429533909 -864128997 -581486998 -449970803 -781659809 -471944631 -733059484 -839182062 -567972535 -557733986 -369399981 -346523987 -529433023 -407727944 -659582327 -662921501 -527681094 -346394504 -461343530 -547404693 -116715407 -266964975 -582149676 -277883462 -523047303 -458739143 -454942542 -713331322 -914592283 -246321053 -851195410 -983842570 -772361697 -520688753 -772769131 -970916453 -873619711 -13098232 -374213204 -562036329 -828730376 -981465830 -323994185 -233917960 -456113679 -583021310 -895325868 -298894352 -511409508 -614737681 -839755407 -871104279 -784999353 -197032902 -533742837 -699972986 -390394349 -420379953 -469405168 -748813464 -96409756 -792089669 -932269656 -156787336 -993822836 -742487062 -479947018 -946570242
0 0 1 1 1 1 1 0 1 0 1 1 1 1 0 1 0 0 1 1 0 1 0 1 0 0 0 0 1 1 0 0 1 0 1 0 0 0 1 0 1 1 0 1 0 0 0 1 0 1 0 0 1 0 1 0 0 0 1 0 0 1 0 1 1 1 1 1 0 0 0 0 1 1 0 1 0 0 1 1 0 1 1 1 1 1 0 0 0 0 0 0 1 1 0 0 1 0 1 1 0 0 0 1 0 0 1 0 0 0 0 1 1 0 0 1 0 1 0 1 0 0 1 0 1 1 1 1 0 0 0 1 1 0 0 1 0 0 1 0 1 1 0 1 1 1 1 1 0 1 0 0 0 0 0 1 1 0 0 1 0 0 1 1 0 0 0 1 0 0 0 1 0 1 1 1 0 1 1 1 0 1 0 1 1 1 1 1 0 1 0 1 1 0 1 1 1 1 0 1
8 75 -324462407
151 166 -541924429
1 87 -807915748
28 143 -758059699
72 178 -687303057
118 183 -595152404
59 109 -378485174
71 98 -935930384
1 12 -112349464
112 168 -412319222
64 156 -400788797
85 99 -334855268
68 108 -146518607
58 61 -593966070
20 30 -45940475
38 81 -924723649
7 8 -489424961
83 152 -236712371
128 184 -546417065
44 47 -310442552
33 74 -682836683
20 114 -851668861
67 93 -864420615
15 32 -842577019
1 38 -576410699
24 36 -235328908
65 94 -814470417
37 45 -531520579
27 110 -814089230
66 107 -914624235
11 15 -966363383
12 57 -832630982
68 117 -964234069
18 23 -615961556
104 112 -268537203
58 150 -222332320
18 19 -239644766
53 153 -191519986
20 34 -804777248
53 70 -963371454
13 80 -327371981
110 121 -505019138
63 136 -989014940
35 53 -661446898
55 163 -690660629
9 77 -611168543
150 196 -450092042
100 103 -95953829
18 35 -957520052
87 101 -546887271
10 50 -751208733
32 187 -119045699
105 180 -465868024
5 14 -672259949
54 67 -996884168
6 79 -483529323
3 5 -453205076
1 90 -322097701
1 139 -313655058
13 37 -552020211
4 10 -584500712
9 25 -778036169
21 52 -71013510
15 16 -234977684
169 198 -191210935
21 24 -988646797
45 105 -667179812
50 91 -56544572
113 160 -450862149
40 48 -405790378
9 132 -663384092
2 43 -832068309
104 138 -245144980
31 192 -37978610
133 158 -690841991
99 161 -115369482
10 65 -46599970
58 118 -153346035
111 176 -523126291
43 54 -233272827
110 135 -20241342
36 122 -436227465
68 84 -905200451
9 200 -241671852
130 162 -298044674
21 64 -139446698
49 175 -6414651
2 3 -703185854
2 124 -596662949
43 51 -584526850
30 40 -496752105
54 73 -646640348
15 41 -152193140
6 111 -497915751
15 82 -892528140
2 4 -599318760
136 171 -418107071
162 179 -855904362
18 27 -761406613
2 126 -450127376
5 28 -268405515
14 46 -850588646
36 42 -749952368
28 72 -325784675
69 102 -615351499
68 96 -864722243
22 165 -734289314
164 189 -335912748
16 29 -976239885
3 9 -706181085
70 89 -876487490
69 127 -386183095
1 6 -22635092
70 195 -57833499
19 22 -463222126
40 164 -191527782
2 60 -599509819
18 56 -348576012
90 125 -537472842
154 155 -181621657
61 69 -701681413
29 62 -972679613
51 128 -594092661
82 123 -596836374
37 68 -751734608
47 58 -42602187
97 104 -812372844
81 145 -164175210
63 78 -148698795
126 149 -793111588
9 13 -446388258
140 193 -408387446
173 190 -890899190
140 167 -194490528
129 144 -165150607
119 182 -982235755
66 129 -258921271
84 88 -29242896
36 154 -961560049
140 177 -620412392
7 26 -170648210
110 159 -218659268
35 115 -903433202
78 197 -981756684
43 83 -131980297
114 194 -104807754
54 76 -313705968
11 173 -927550405
184 199 -127678368
157 170 -612544332
77 172 -456997780
7 11 -921305385
54 113 -867232179
86 140 -364206148
1 20 -151521214
16 131 -83029193
28 63 -32501168
5 21 -906995269
90 137 -947090286
22 39 -808256615
2 120 -861083032
20 95 -827574991
7 106 -624411520
116 169 -409809217
86 148 -412662581
38 100 -120006946
35 92 -735155370
