1
200 169 6 2
0 0 0 0 0 0 0 0 0 0 0 0 0 0 0 0 0 0 0 0 0 0 0 0 0 0 0 0 0 0 0 0 0 0 0 0 0 0 0 0 0 0 0 0 0 0 0 0 0 0 0 0 0 0 0 0 0 0 0 0 0 0 0 0 0 0 0 0 0 0 0 0 0 0 0 0 0 0 0 0 0 0 0 0 0 0 0 0 0 0 0 0 0 0 0 0 0 0 0 0 0 0 0 0 0 0 0 0 0 0 0 0 0 0 0 0 0 0 0 0 0 0 0 0 0 0 0 0 0 0 0 0 0 0 0 0 0 0 0 0 0 0 0 0 0 0 0 0 0 0 0 0 0 0 0 0 0 0 0 0 0 0 0 0 0 0 0 0 0 0 0 0 0 0 0 0 0 0 0 0 0 0 0 0 0 0 0 0 0 0 0 0 0 0 0 0 0 0 0 0
1 0 1 0 0 0 1 1 0 1 1 0 0 0 0 1 1 0 0 1 1 1 1 0 0 1 1 1 1 1 1 0 1 0 1 1 0 1 1 0 0 1 1 1 0 1 0 0 1 0 1 0 0 0 1 0 1 1 1 0 1 0 0 1 1 1 0 1 0 1 1 1 1 1 0 1 1 0 0 0 1 1 1 1 1 0 1 1 0 0 1 1 0 1 0 1 0 0 1 0 0 0 0 0 1 1 0 1 0 0 0 1 0 0 0 0 0 1 0 0 1 0 1 0 0 1 0 0 0 1 0 1 0 1 0 0 0 1 1 1 0 0 0 0 0 0 0 0 0 1 1 0 0 1 0 1 1 1 0 1 1 1 1 1 1 0 0 0 0 1 1 0 0 1 0 1 1 0 1 1 1 0 1 0 1 0 1 1 0 0 0 0 0 0 1 1 1 1 1 0
128 174 -743574407
93 180 -462210949
71 94 -402708087
149 152 -447497426
39 183 -479058614
20 22 -310177891
31 153 -119346288
66 138 -215904695
1 2 -471142769
8 12 -301009264
8 169 -939775739
55 78 -68274396
7 11 -719360015
21 99 -457228218
27 104 -808217576
81 149 -990025348
56 131 -375982497
14 34 -515310134
60 87 -319954253
127 194 -504562487
28 100 -506208657
74 120 -683215775
71 119 -378439331
18 33 -367856151
58 81 -22239652
16 37 -453224189
24 95 -726492561
23 148 -909465318
28 41 -339865765
112 167 -154049932
66 84 -640668656
57 112 -536636388
35 54 -788088403
2 9 -56262507
152 191 -375688864
5 7 -217459402
98 173 -188175060
29 30 -691340654
30 71 -790860030
27 111 -270937098
54 97 -989062103
92 121 -528298098
18 139 -110625221
2 3 -721306781
45 92 -271831560
40 82 -725733288
5 88 -980946315
120 135 -558720705
18 39 -10359448
176 186 -4332407
38 49 -342467674
157 184 -65047122
54 57 -539856749
114 189 -450383406
134 158 -927364901
6 16 -362325281
9 13 -147076372
47 181 -319891094
19 63 -231423084
19 123 -660029968
84 126 -488953216
18 154 -335060108
76 199 -742931486
83 85 -271713725
83 159 -614238544
85 136 -552001540
129 171 -723845512
45 91 -614777928
27 145 -703110643
123 160 -718453599
27 29 -484990118
76 200 -568815296
65 70 -988313041
63 124 -458142986
91 107 -992638171
42 76 -545706686
166 182 -28850916
61 67 -865413170
101 102 -570456223
56 86 -186032879
5 118 -229576390
13 15 -438966573
110 188 -915743642
10 168 -352753940
1 6 -214346757
107 172 -446128123
64 105 -210731144
8 14 -534853005
84 128 -754947701
118 166 -973018940
5 45 -213658165
5 23 -683964934
20 53 -876935858
55 56 -12886561
66 144 -340060156
77 150 -531951277
23 80 -424992714
10 137 -930767669
26 52 -404641639
14 156 -558156881
29 60 -436828520
12 20 -607810045
31 142 -359255639
89 155 -55891652
181 185 -739265600
9 10 -866635190
85 134 -470226845
52 79 -142805058
33 127 -565615176
108 161 -969559474
71 117 -234151519
25 109 -758944317
56 106 -309434999
10 19 -958676601
23 164 -123967899
27 58 -582137476
95 187 -779151128
65 69 -323675920
1 36 -803400248
91 197 -172650705
32 73 -736101657
49 115 -307195114
88 143 -294215602
37 108 -393714606
65 114 -347872893
68 113 -918016892
55 146 -721575644
74 130 -784272529
13 17 -352761521
15 190 -4341811
110 129 -368374137
5 170 -384033685
22 65 -198289285
77 141 -528078849
34 61 -361957122
95 122 -690287940
131 163 -885933364
7 26 -829159836
47 96 -44077712
62 116 -836160293
179 192 -476049108
41 47 -742158231
1 59 -986251923
27 74 -560393422
7 21 -535473455
112 196 -363449813
19 55 -749663850
3 101 -866515755
39 40 -708773988
70 178 -134626786
80 98 -542556915
5 195 -83215491
66 89 -559081653
10 27 -734750016
23 31 -71074235
166 179 -264404026
23 35 -789837248
12 38 -10291675
30 51 -144014978
59 132 -931124356
23 110 -693309181
27 50 -701882537
72 90 -551273247
41 176 -653176499
148 165 -351207900
2 5 -940172253
37 42 -865204810
9 68 -531550037
16 25 -939049962
