1
200 143 184 35
0 0 0 0 0 0 0 0 0 0 0 0 0 0 0 0 0 0 0 0 0 0 0 0 0 0 0 0 0 0 0 0 0 0 0 0 0 0 0 0 0 0 0 0 0 0 0 0 0 0 0 0 0 0 0 0 0 0 0 0 0 0 0 0 0 0 0 0 0 0 0 0 0 0 0 0 0 0 0 0 0 0 0 0 0 0 0 0 0 0 0 0 0 0 0 0 0 0 0 0 0 0 0 0 0 0 0 0 0 0 0 0 0 0 0 0 0 0 0 0 0 0 0 0 0 0 0 0 0 0 0 0 0 0 0 0 0 0 0 0 0 0 0 0 0 0 0 0 0 0 0 0 0 0 0 0 0 0 0 0 0 0 0 0 0 0 0 0 0 0 0 0 0 0 0 0 0 0 0 0 0 0 0 0 0 0 0 0 0 0 0 0 0 0 0 0 0 0 0 0
0 1 0 1 0 0 0 0 0 0 0 1 0 0 0 0 0 0 0 0 1 0 0 0 0 0 0 0 0 0 0 0 1 1 0 0 0 0 0 0 0 0 1 1 0 0 0 0 0 0 0 0 0 0 0 0 0 0 0 1 0 0 0 0 0 0 0 0 0 0 1 0 0 0 0 0 1 0 0 0 0 0 0 0 0 0 0 0 0 0 1 1 0 0 0 0 0 1 0 0 0 0 0 1 0 0 0 1 0 0 0 0 0 0 1 0 0 0 0 0 1 1 0 0 1 0 1 0 0 1 0 0 1 0 0 0 0 0 0 0 1 0 1 0 1 0 0 0 0 0 0 0 0 0 0 1 0 0 0 1 0 0 0 0 0 0 0 0 0 0 0 0 0 0 1 0 0 0 0 1 0 0 1 1 0 0 0 0 0 1 0 0 0 1 0 0 0 1 0 0
10 39 -534003064
17 33 -6484990
1 13 -86617879
106 169 -329944997
93 99 -313083543
7 122 -342237108
104 105 -372114744
1 15 -226562898
54 173 -476433162
110 180 -373247136
3 35 -721445199
3 9 -599369683
45 57 -628027416
47 117 -80059062
2 3 -239713504
82 109 -326023532
104 168 -950358241
14 198 -400790501
66 187 -254729377
53 85 -575526458
11 36 -178259353
70 102 -871948608
23 73 -573288728
42 82 -502168038
74 76 -58558854
164 197 -933486501
132 147 -38273118
2 12 -368119172
122 189 -819615005
98 119 -983675086
75 172 -500401817
92 192 -10993418
56 118 -846131032
19 54 -963811533
33 156 -361797485
67 150 -709857458
31 79 -75871869
112 143 -214278858
139 166 -181488269
74 145 -93426117
134 146 -690864489
11 24 -628990892
56 77 -901120090
120 160 -350687536
26 132 -291173522
9 63 -652018534
115 182 -240191208
45 68 -347476488
105 176 -609764798
47 90 -51978163
12 20 -667360946
61 111 -812445680
18 42 -110076133
2 81 -229957407
119 174 -992605993
46 75 -656610102
86 116 -472341920
79 178 -268164341
3 30 -103915478
104 110 -308437407
3 8 -717616849
62 125 -160909624
20 23 -487471182
2 11 -752667328
135 185 -483652186
2 17 -755522441
58 97 -444417118
57 157 -993884872
196 200 -604172116
115 196 -589599434
46 53 -882746841
51 72 -907639361
1 25 -284176845
62 91 -753009264
59 126 -175301556
25 100 -674463672
94 183 -733462782
14 190 -124231306
64 94 -660899810
10 96 -876422758
32 48 -182872747
86 133 -915537501
108 184 -429520434
13 45 -108372857
36 151 -428157325
38 114 -677510929
82 154 -153398126
96 101 -437975402
79 103 -716779769
114 134 -215340383
38 191 -123766286
102 108 -31029202
58 60 -61552651
61 120 -773315679
86 88 -718860048
73 86 -505257395
31 112 -496829807
21 181 -861460686
38 89 -364670306
62 64 -269392838
120 175 -392551794
23 137 -573076614
27 55 -892237706
43 167 -823852751
68 104 -554270083
42 138 -498336532
53 67 -399182147
18 70 -468373503
20 149 -682529592
34 193 -415797423
35 123 -310494495
29 135 -493120687
90 113 -390664454
117 170 -262533796
13 38 -679646059
15 37 -736259992
18 32 -603667837
7 22 -126395525
4 177 -279591960
8 28 -290799246
65 121 -673610865
8 29 -64033045
5 6 -834850867
14 16 -290911502
8 19 -262707839
26 34 -9421086
11 131 -888026489
88 124 -268501501
60 62 -516976794
13 153 -678370561
3 127 -63239947
17 66 -679803665
161 163 -726177667
74 80 -880737294
53 141 -489375180
1 2 -315990520
191 195 -648942562
59 186 -288591340
73 87 -734040127
46 49 -75676422
59 71 -221547655
12 52 -701016279
5 7 -981427000
