1
200 199 107 52
-641452062 -148465471 -298015034 -804196782 -237957939 -208293853 -64488686 -479006229 -46761850 -320380260 -808823361 -327670841 -830467607 -819974239 -912331219 -690484237 -261206103 -966650663 -197971066 -610803581 -544016026 -450669113 -622916880 -102100611 -779068046 -247179728 -53077791 -402930444 -432932679 -378439032 -743512173 -147588063 -909750759 -658697238 -779628639 -490106186 -748001769 -146266239 -589754317 -793723628 -362713316 -925560788 -962438503 -557389852 -976510054 -573435031 -331820173 -844912019 -743687161 -198374810 -379029341 -463952738 -182309464 -911017091 -693617004 -179253881 -480966494 -443772098 -60269792 -602136629 -684939413 -466880411 -121187911 -880453257 -651569975 -65528264 -313687938 -427272592 -541630 -677988973 -786926017 -312279041 -757379037 -135390371 -913873454 -452468242 -594378630 -198676521 -125604625 -539661163 -27887438 -964313966 -711209140 -639484929 -662120809 -565080472 -450079987 -540095605 -307035043 -540580182 -638893411 -810396874 -590244937 -21111773 -93791297 -915051026 -152654861 -390802975 -134077057 -914123608 -87033747 -68021614 -483138691 -660504337 -811530250 -510267852 -774611419 -494379112 -294137463 -655100316 -302190472 -224574560 -823698882 -840413962 -989244609 -729651545 -961449615 -137215485 -845272533 -922885461 -197946713 -685414013 -864138186 -487977867 -642184867 -422190313 -171424040 -263642823 -228912574 -55797638 -387465050 -466033185 -43345724 -742497713 -512544187 -807146557 -3784563 -18390543 -616609691 -746390480 -197560457 -249062131 -711577409 -687422296 -245279919 -464567147 -71070734 -242142662 -576456260 -339461627 -172778429 -114122430 -775776023 -458362204 -240700297 -409491631 -553159337 -911809947 -64814754 -490110556 -518678063 -870719148 -125937357 -477348610 -591775929 -309757883 -499820171 -871807978 -963011836 -913180730 -549003182 -925903577 -647379778 -80300552 -906342401 -576308126 -242310198 -570228331 -613687138 -61219737 -446464564 -245866548 -179849103 -550802072 -957249506 -710585968 -114156677 -487988120 -211457853 -108933154 -229579785 -95828715 -416463567 -522402502 -328275995 -70827093 -805725782 -295524886 -466710893 -354401046
0 1 0 1 1 0 1 1 0 0 1 1 1 1 1 0 1 1 0 1 0 0 1 0 1 1 1 1 1 0 0 1 1 1 0 1 0 0 1 0 0 0 0 1 1 1 1 0 1 1 0 1 0 1 0 1 1 1 0 0 0 0 1 1 0 0 0 1 1 1 1 0 0 1 0 0 0 0 0 0 0 0 1 1 0 1 0 0 1 0 1 1 0 1 1 1 1 0 1 0 0 0 0 0 1 0 0 0 0 0 1 0 0 1 0 1 0 0 0 0 1 0 0 1 1 1 1 1 0 0 0 1 0 1 1 0 1 0 0 1 1 1 1 1 1 1 0 1 0 1 1 0 1 0 1 1 0 0 1 0 1 1 0 0 0 1 0 1 1 1 1 1 0 1 1 0 0 1 0 1 1 1 0 1 1 1 1 1 0 0 0 0 0 0 0 0 0 0 0 0
30 175 0
31 71 0
27 32 0
31 33 0
170 182 0
3 58 0
35 172 0
14 108 0
53 63 0
3 18 0
2 41 0
86 113 0
99 138 0
108 132 0
77 162 0
118 180 0
6 69 0
36 104 0
15 61 0
17 39 0
11 70 0
23 121 0
35 173 0
129 161 0
43 53 0
55 154 0
36 105 0
118 188 0
13 22 0
18 90 0
86 199 0
36 92 0
77 193 0
152 169 0
16 131 0
29 65 0
24 88 0
2 3 0
115 135 0
107 125 0
24 184 0
58 91 0
14 72 0
117 143 0
3 4 0
142 197 0
3 14 0
80 164 0
3 6 0
78 144 0
78 187 0
104 194 0
15 52 0
51 95 0
137 149 0
70 80 0
102 119 0
36 49 0
101 148 0
22 117 0
28 85 0
148 185 0
21 44 0
31 107 0
97 157 0
18 123 0
24 103 0
13 30 0
1 28 0
42 160 0
13 112 0
20 165 0
29 145 0
35 168 0
68 178 0
34 67 0
67 78 0
32 56 0
15 21 0
12 94 0
32 75 0
36 100 0
90 177 0
160 174 0
57 83 0
92 101 0
99 109 0
7 26 0
69 150 0
138 196 0
36 183 0
24 46 0
16 25 0
93 97 0
85 147 0
93 163 0
7 84 0
8 40 0
8 139 0
73 167 0
43 170 0
4 5 0
9 16 0
14 29 0
10 12 0
32 37 0
79 114 0
107 152 0
40 102 0
85 89 0
173 191 0
41 73 0
11 55 0
114 166 0
41 50 0
48 62 0
114 140 0
77 81 0
27 200 0
135 171 0
49 128 0
86 146 0
7 11 0
117 153 0
19 45 0
17 31 0
162 181 0
61 141 0
4 79 0
66 126 0
52 111 0
74 192 0
109 159 0
48 57 0
18 189 0
19 87 0
21 23 0
101 156 0
140 195 0
55 64 0
22 122 0
16 186 0
2 38 0
83 86 0
31 36 0
40 43 0
10 19 0
63 66 0
13 17 0
111 179 0
9 42 0
43 110 0
89 158 0
56 134 0
4 9 0
7 96 0
3 54 0
156 176 0
1 10 0
73 120 0
16 136 0
21 27 0
150 190 0
16 98 0
1 7 0
16 133 0
37 60 0
23 137 0
43 48 0
1 130 0
34 47 0
131 142 0
50 51 0
40 116 0
40 68 0
44 198 0
13 15 0
29 76 0
120 124 0
7 99 0
24 34 0
17 106 0
4 13 0
68 127 0
96 129 0
7 8 0
12 59 0
1 2 0
142 155 0
1 24 0
33 115 0
9 35 0
11 20 0
22 118 0
22 77 0
23 82 0
37 151 0
25 74 0
27 93 0
