1
200 104 200 96
-1000000000 -1000000000 -1000000000 -1000000000 -1000000000 -1000000000 -1000000000 -1000000000 -1000000000 -1000000000 -1000000000 -1000000000 -1000000000 -1000000000 -1000000000 -1000000000 -1000000000 -1000000000 -1000000000 -1000000000 -1000000000 -1000000000 -1000000000 -1000000000 -1000000000 -1000000000 -1000000000 -1000000000 -1000000000 -1000000000 -1000000000 -1000000000 -1000000000 -1000000000 -1000000000 -1000000000 -1000000000 -1000000000 -1000000000 -1000000000 -1000000000 -1000000000 -1000000000 -1000000000 -1000000000 -1000000000 -1000000000 -1000000000 -1000000000 -1000000000 -1000000000 -1000000000 -1000000000 -1000000000 -1000000000 -1000000000 -1000000000 -1000000000 -1000000000 -1000000000 -1000000000 -1000000000 -1000000000 -1000000000 -1000000000 -1000000000 -1000000000 -1000000000 -1000000000 -1000000000 -1000000000 -1000000000 -1000000000 -1000000000 -1000000000 -1000000000 -1000000000 -1000000000 -1000000000 -1000000000 -1000000000 -1000000000 -1000000000 -1000000000 -1000000000 -1000000000 -1000000000 -1000000000 -1000000000 -1000000000 -1000000000 -1000000000 -1000000000 -1000000000 -1000000000 -1000000000 -1000000000 -1000000000 -1000000000 -1000000000 -1000000000 -1000000000 -1000000000 -1000000000 -1000000000 -1000000000 -1000000000 -1000000000 -1000000000 -1000000000 -1000000000 -1000000000 -1000000000 -1000000000 -1000000000 -1000000000 -1000000000 -1000000000 -1000000000 -1000000000 -1000000000 -1000000000 -1000000000 -1000000000 -1000000000 -1000000000 -1000000000 -1000000000 -1000000000 -1000000000 -1000000000 -1000000000 -1000000000 -1000000000 -1000000000 -1000000000 -1000000000 -1000000000 -1000000000 -1000000000 -1000000000 -1000000000 -1000000000 -1000000000 -1000000000 -1000000000 -1000000000 -1000000000 -1000000000 -1000000000 -1000000000 -1000000000 -1000000000 -1000000000 -1000000000 -1000000000 -1000000000 -1000000000 -1000000000 -1000000000 -1000000000 -1000000000 -1000000000 -1000000000 -1000000000 -1000000000 -1000000000 -1000000000 -1000000000 -1000000000 -1000000000 -1000000000 -1000000000 -1000000000 -1000000000 -1000000000 -1000000000 -1000000000 -1000000000 -1000000000 -1000000000 -1000000000 -1000000000 -1000000000 -1000000000 -1000000000 -1000000000 -1000000000 -1000000000 -1000000000 -1000000000 -1000000000 -1000000000 -1000000000 -1000000000 -1000000000 -1000000000 -1000000000 -1000000000 -1000000000
0 1 0 0 0 1 1 1 0 1 0 0 0 0 0 0 0 1 0 1 1 0 1 1 0 1 0 0 0 1 1 1 1 0 1 0 1 0 1 0 1 1 1 1 0 0 1 1 1 0 0 0 0 0 1 0 0 1 1 1 0 0 1 1 1 0 0 0 1 1 1 1 1 1 1 0 0 1 1 1 0 0 1 0 0 0 0 1 0 0 1 0 1 0 0 1 0 0 1 1 0 1 1 0 1 0 1 1 0 0 0 1 0 1 0 1 1 0 0 0 1 0 1 1 1 1 0 1 1 1 1 0 1 1 0 0 1 0 1 1 0 1 1 0 1 1 0 0 1 1 1 1 0 1 0 0 1 0 0 0 0 0 0 1 0 0 0 0 1 0 1 0 0 0 0 1 1 1 1 1 0 1 0 1 1 0 1 0 1 1 0 1 1 0 0 0 0 1 1 0
12 21 -1000000000
26 44 -1000000000
28 34 -1000000000
129 175 -1000000000
14 61 -1000000000
39 141 -1000000000
88 167 -1000000000
50 69 -1000000000
26 41 -1000000000
19 186 -1000000000
22 39 -1000000000
67 107 -1000000000
140 168 -1000000000
83 170 -1000000000
3 60 -1000000000
5 20 -1000000000
157 187 -1000000000
18 26 -1000000000
26 37 -1000000000
64 78 -1000000000
45 123 -1000000000
12 93 -1000000000
66 121 -1000000000
6 119 -1000000000
110 155 -1000000000
42 99 -1000000000
151 169 -1000000000
28 151 -1000000000
152 163 -1000000000
133 173 -1000000000
2 3 -1000000000
32 147 -1000000000
80 84 -1000000000
41 57 -1000000000
16 27 -1000000000
82 111 -1000000000
12 23 -1000000000
44 179 -1000000000
17 67 -1000000000
43 71 -1000000000
48 101 -1000000000
91 180 -1000000000
5 13 -1000000000
49 55 -1000000000
61 103 -1000000000
91 177 -1000000000
105 124 -1000000000
94 116 -1000000000
20 40 -1000000000
35 77 -1000000000
25 31 -1000000000
2 104 -1000000000
85 106 -1000000000
108 149 -1000000000
92 97 -1000000000
35 192 -1000000000
87 92 -1000000000
36 85 -1000000000
23 118 -1000000000
12 200 -1000000000
51 109 -1000000000
40 130 -1000000000
4 9 -1000000000
9 120 -1000000000
159 160 -1000000000
33 181 -1000000000
82 138 -1000000000
132 150 -1000000000
18 132 -1000000000
54 102 -1000000000
89 126 -1000000000
41 65 -1000000000
97 162 -1000000000
48 53 -1000000000
52 68 -1000000000
7 64 -1000000000
16 33 -1000000000
20 164 -1000000000
10 18 -1000000000
74 125 -1000000000
32 105 -1000000000
23 30 -1000000000
77 146 -1000000000
56 199 -1000000000
70 114 -1000000000
15 24 -1000000000
55 159 -1000000000
24 76 -1000000000
3 4 -1000000000
1 140 -1000000000
49 74 -1000000000
18 63 -1000000000
21 25 -1000000000
19 22 -1000000000
70 95 -1000000000
7 66 -1000000000
7 38 -1000000000
18 42 -1000000000
145 154 -1000000000
158 182 -1000000000
37 56 -1000000000
69 172 -1000000000
4 75 -1000000000
9 86 -1000000000
