1
200 106 143 61
-583407567 -869507426 -58651196 -627442021 -371493515 -295995511 -960483999 -205023744 -834353473 -138368991 -927867128 -794000524 -228388377 -982400987 -838754425 -100156905 -33422506 -822920036 -355925227 -239644475 -666682861 -635619427 -523936096 -442680432 -355607601 -512402564 -756969661 -413519626 -48673052 -287014921 -924654780 -612481648 -15531851 -395961261 -423097376 -113261738 -642775015 -328516141 -992687667 -399535029 -637883504 -583042118 -946119218 -14593283 -864333059 -77763182 -412550609 -251148768 -268815602 -34964452 -994692489 -141885016 -450129211 -254204865 -862024161 -740294256 -418224700 -703019117 -710111530 -337055196 -54579876 -438755040 -179635963 -576001659 -946734340 -360094084 -981006725 -487628105 -779248893 -50684335 -247122857 -345321842 -209279406 -442220598 -62948633 -389103099 -152481058 -77032489 -359612186 -579391658 -217193762 -146903223 -525979690 -860205890 -191258247 -475741218 -921787344 -290325349 -116662633 -395963162 -461296186 -733443347 -267405781 -227886525 -127280675 -204997846 -211256051 -732952931 -289414332 -186740769 -65223533 -15430450 -100511259 -952255610 -278753076 -135693319 -306464409 -958139371 -167857649 -146831868 -580867682 -987565323 -410498133 -297337888 -13335804 -586015927 -426822220 -374958889 -860164011 -762919234 -660212960 -453551735 -945427669 -992610832 -511993767 -740614688 -526315528 -400063928 -313523287 -946281908 -128292607 -874976082 -635631905 -964388961 -217827283 -303919583 -498778506 -762750204 -998883248 -950621458 -884112854 -830369901 -709921572 -591371134 -374201389 -37428289 -21504504 -461049650 -261935753 -894951191 -637014758 -689974577 -398332637 -798822089 -960430531 -390987535 -194662812 -252965262 -841257770 -849366429 -477776530 -86755924 -243073602 -695134417 -212424516 -112552731 -60354750 -946853271 -471580212 -313525682 -597753587 -13700147 -941927652 -920283836 -63016020 -330006975 -223976397 -97407554 -610636581 -36708274 -65781106 -820393294 -197795884 -979853545 -132046959 -700347191 -471782603 -138369485 -618462218 -546334310 -804471539 -621303600 -215167318 -619154051 -518426793 -739834255 -300331144 -978992272 -843937913 -779461073
0 0 0 0 0 0 1 1 1 0 0 1 0 0 0 0 1 1 0 1 1 1 0 1 0 1 0 0 1 0 1 0 1 1 1 0 0 1 0 0 1 1 0 0 1 0 0 1 1 1 1 0 0 1 1 1 0 0 0 0 1 0 1 0 1 1 1 1 1 1 1 1 1 1 1 1 0 0 0 1 1 0 1 1 1 1 0 1 1 1 0 1 0 0 1 1 0 1 1 0 1 1 0 1 0 0 1 1 1 0 1 0 1 0 0 1 1 0 0 0 1 0 0 1 0 1 0 1 1 0 0 1 0 0 1 0 1 0 1 1 1 1 1 0 0 0 1 0 0 0 0 0 0 0 1 1 0 0 0 0 0 0 0 1 0 1 1 0 1 1 0 1 0 0 1 0 1 0 0 1 0 1 0 1 1 1 1 0 0 1 0 1 0 0 0 1 1 1 0 0
111 162 0
31 34 0
94 144 0
15 152 0
11 13 0
53 88 0
24 134 0
117 166 0
21 104 0
21 71 0
65 141 0
17 98 0
9 45 0
45 133 0
56 195 0
39 76 0
47 49 0
15 70 0
63 64 0
26 142 0
82 116 0
115 119 0
172 200 0
1 2 0
68 102 0
56 95 0
84 154 0
8 28 0
15 65 0
97 135 0
46 82 0
27 61 0
7 149 0
2 11 0
90 94 0
114 191 0
1 93 0
60 123 0
36 159 0
122 192 0
114 150 0
49 148 0
5 103 0
1 37 0
3 6 0
1 3 0
175 188 0
21 58 0
9 33 0
156 181 0
98 198 0
138 176 0
1 43 0
41 139 0
3 66 0
168 182 0
132 138 0
125 184 0
111 179 0
23 89 0
20 21 0
23 109 0
5 29 0
6 10 0
80 107 0
36 55 0
41 125 0
34 178 0
49 52 0
64 90 0
76 87 0
8 53 0
63 167 0
7 114 0
154 158 0
85 185 0
34 169 0
17 42 0
16 39 0
38 47 0
22 101 0
18 26 0
56 183 0
3 8 0
1 170 0
15 17 0
8 30 0
129 147 0
1 22 0
114 168 0
98 115 0
82 197 0
96 106 0
102 136 0
61 77 0
26 27 0
104 180 0
9 54 0
173 175 0
79 92 0
66 151 0
20 84 0
4 23 0
26 35 0
22 46 0
34 99 0
