1
200 28 189 94
-561073391 -372106220 -653831271 -978967651 -286500102 -525976850 -981157870 -253010242 -394849346 -566903739 -847096897 -318123205 -524440831 -98816571 -51377690 -87323611 -544142269 -435059659 -136656231 -955144105 -28728542 -206336148 -856607082 -754922523 -824997210 -586065267 -795511947 -815416737 -400017798 -88297381 -365126246 -243377466 -901459587 -675554107 -107526794 -225696154 -251647970 -799523741 -863018987 -434156244 -929701159 -632275207 -856257901 -221523225 -825062461 -684748805 -42928565 -85444083 -581489742 -114103293 -483830903 -749532729 -251276714 -381386313 -173494036 -404077969 -94866489 -570571543 -752661305 -742654391 -147889199 -877744590 -353420163 -952339230 -253214839 -261355275 -932936774 -528588387 -783591252 -467764802 -124137429 -159270809 -751808921 -150828310 -195213538 -782127029 -319868365 -822388414 -230802812 -547518110 -960498018 -514232409 -291432175 -838865412 -395008260 -978132548 -247547184 -552313330 -75985452 -306099973 -808498927 -294520135 -525526645 -855484972 -986416876 -339376989 -751136525 -43148087 -881364000 -356456861 -989277275 -858698272 -21835654 -402583231 -553409112 -695790374 -701120771 -471745987 -863721839 -276455949 -366187339 -329123024 -839408602 -318713191 -341549051 -670922118 -726008597 -671808727 -732162946 -681312420 -565223537 -679509256 -468062665 -150871547 -684896627 -16581020 -154888449 -300308782 -635379747 -316683215 -553666629 -272843060 -373202905 -568921546 -642466554 -984487955 -875747572 -639539255 -172579801 -290945911 -179756636 -753220831 -306823184 -180197993 -296541997 -220270937 -740003469 -728938988 -99916036 -162925843 -48207977 -379779154 -497145281 -621811673 -603400005 -268039421 -889758592 -677144151 -471425064 -230488961 -987665672 -209542481 -230256612 -271427144 -955356511 -431817669 -164670857 -41537202 -630388740 -200654269 -15481637 -263214871 -982597686 -224099640 -178932968 -821895007 -598690809 -219122398 -634598458 -711137678 -798902578 -626434938 -844995363 -643425568 -660682119 -389790145 -70247165 -773965317 -268476514 -502708497 -385281049 -801682677 -521475794 -663873224 -195928465 -390163056 -232472293 -511402202 -344098870 -279587760
0 0 1 0 0 1 1 0 1 0 0 1 0 1 1 0 0 1 0 0 1 0 1 1 0 0 0 0 1 1 0 1 1 0 1 0 0 1 0 0 0 0 0 1 1 0 1 0 0 1 1 1 0 0 0 1 0 1 1 1 0 1 0 1 0 0 1 1 0 0 1 1 0 1 1 1 0 0 1 0 0 1 1 0 1 0 0 1 0 1 1 1 1 0 1 0 0 1 0 1 0 1 0 1 0 1 0 0 1 0 1 0 0 0 0 1 0 1 0 1 0 1 0 0 1 0 1 0 0 1 1 1 1 1 1 0 1 0 1 0 0 1 0 0 1 1 0 1 0 0 1 1 1 1 0 0 1 1 1 1 1 1 1 1 1 0 1 0 1 0 0 1 0 1 0 0 0 0 0 1 0 0 1 0 0 1 1 0 0 1 1 1 1 0 1 1 1 0 0 1
44 97 -957749020
107 170 -732112377
43 64 -145522428
1 42 -2888446
11 128 -686504431
54 150 -721121443
63 152 -424935500
31 73 -963266232
16 26 -797964833
17 107 -904399376
15 172 -655634390
85 137 -809732880
144 163 -438522320
57 99 -359065846
192 194 -321312038
10 30 -980138415
32 38 -856156036
12 75 -404685333
18 195 -617176276
19 98 -171149163
90 118 -180726563
8 154 -408909599
79 179 -236248460
67 112 -691765331
6 15 -59474278
35 56 -328720966
100 183 -828359028
44 155 -157990353
