1
200 148 187 0
-594214010 -638464784 -203957889 -998002371 -662081586 -984233580 -280484987 -389233726 -51440676 -722329268 -349403624 -191672817 -199410762 -609256142 -76229785 -90005552 -401672931 -519061837 -573333568 -834322335 -520052192 -591121951 -456408502 -881611133 -544022889 -313586242 -589539271 -373514226 -607875992 -233793221 -857299471 -319786368 -33467883 -395701777 -209338516 -359036001 -485488930 -426773907 -895262616 -230228656 -954138131 -351974969 -805456857 -443915834 -128490115 -175270709 -158095839 -433330605 -878671570 -240707300 -427895889 -753746848 -565679211 -268524185 -963348432 -855261796 -648761553 -150547816 -184518938 -1303849 -944518420 -786583447 -511093807 -242446069 -277090119 -479496726 -655225747 -582182072 -56272629 -443793287 -259940781 -238615945 -630683992 -357379652 -691677004 -476462561 -580874728 -619422413 -619754611 -31043917 -64086864 -939959512 -609141434 -29085152 -291744817 -173659116 -812458861 -987760140 -186722160 -308659684 -205848497 -648197929 -883266237 -177659666 -131974875 -269292682 -805669133 -524850917 -78707807 -730910619 -604126599 -249288306 -434521073 -484582027 -547737633 -404101922 -447813900 -683824143 -301883486 -707190291 -287037806 -671376169 -376731282 -89776639 -984593471 -678344515 -207036715 -453360892 -392558554 -125788509 -711265737 -261934765 -194090463 -210151219 -917977142 -3197649 -850643939 -250755392 -80905971 -532598734 -830543557 -290495247 -470878697 -599976193 -355087896 -310223387 -869782723 -373092925 -824047107 -873206073 -270844956 -767827595 -658170578 -52379655 -355181476 -265542544 -74403263 -342090829 -31518879 -219754106 -456444481 -447370517 -253008219 -428856292 -51401136 -71513895 -910076209 -843419511 -916880029 -645853961 -304142188 -471823088 -769714459 -704246214 -826202810 -962185795 -824150711 -194338892 -466149346 -471016153 -41175095 -121399763 -766755147 -483379049 -93831721 -740885971 -536683271 -495108237 -884965555 -78343505 -922875203 -389995587 -307460491 -983205512 -337018166 -795054997 -313212677 -841397092 -426251798 -545053488 -925019051 -445297377 -68639836 -193836487 -740253400 -162659811 -752044345 -128015754 -523467469 -735347519
0 0 1 0 1 1 0 1 0 0 1 0 1 0 1 1 1 0 1 0 1 0 1 0 0 0 1 0 1 0 1 1 0 1 1 0 1 1 0 1 0 0 0 0 1 1 1 1 1 1 1 1 0 0 1 1 1 1 0 1 1 0 0 0 1 0 1 1 0 1 1 0 0 1 0 1 0 0 1 0 1 1 0 1 1 0 0 0 0 1 0 0 0 1 1 1 1 1 1 0 1 0 1 1 1 0 1 1 0 0 0 0 0 1 0 1 1 0 0 1 1 1 0 1 0 1 0 0 0 1 0 0 1 0 0 1 1 0 1 1 1 0 0 1 0 1 1 1 1 1 0 1 0 0 0 0 1 1 0 0 0 1 0 1 0 1 0 1 0 0 0 0 0 0 0 0 0 0 1 0 1 1 0 1 0 1 1 0 0 0 1 0 0 0 0 1 1 1 1 1
25 90 0
52 56 0
131 146 0
178 187 0
56 72 0
61 199 0
41 55 0
28 57 0
23 104 0
102 111 0
27 157 0
134 142 0
5 18 0
52 82 0
157 168 0
33 149 0
61 127 0
2 180 0
85 102 0
9 29 0
18 53 0
83 92 0
101 147 0
7 9 0
3 36 0
103 190 0
19 22 0
56 74 0
5 118 0
61 95 0
21 30 0
77 103 0
3 4 0
116 169 0
9 39 0
52 58 0
7 116 0
7 44 0
52 59 0
56 150 0
42 87 0
100 152 0
72 86 0
128 139 0
7 69 0
40 134 0
7 84 0
128 186 0
14 89 0
19 130 0
69 81 0
21 26 0
85 145 0
6 97 0
18 20 0
26 88 0
40 41 0
11 16 0
97 189 0
48 161 0
58 125 0
20 45 0
58 83 0
11 31 0
91 162 0
10 43 0
51 114 0
58 188 0
145 167 0
48 105 0
72 76 0
96 165 0
139 179 0
12 115 0
2 107 0
4 19 0
67 128 0
32 49 0
26 32 0
58 143 0
56 109 0
51 178 0
39 40 0
4 13 0
28 52 0
108 126 0
30 176 0
25 151 0
34 38 0
24 175 0
68 193 0
3 21 0
83 131 0
13 15 0
11 60 0
16 17 0
3 12 0
21 75 0
2 11 0
13 70 0
22 71 0
27 62 0
82 159 0
141 185 0
25 54 0
2 5 0
180 181 0
27 172 0
35 47 0
10 14 0
39 138 0
43 140 0
114 163 0
60 119 0
16 63 0
78 98 0
30 196 0
3 7 0
4 27 0
67 194 0
1 42 0
48 184 0
98 132 0
14 24 0
25 61 0
30 144 0
34 78 0
8 10 0
13 153 0
28 198 0
52 96 0
42 50 0
47 51 0
10 110 0
38 191 0
96 166 0
41 100 0
24 121 0
53 192 0
30 112 0
101 164 0
145 177 0
1 64 0
53 108 0
24 33 0
23 25 0
52 160 0
74 120 0
