20
8 7 4 0
0 0 0 0 0 0 0 0
1 1 1 1 1 1 1 1
3 7 -786500770
5 8 -332766911
1 3 -932301313
2 6 -567162312
1 2 -284409127
1 4 -790034534
4 5 -673332103
7 0 6 2
-1000000000 -1000000000 -1000000000 -1000000000 -1000000000 -1000000000 -1000000000
0 0 1 1 1 1 1
9 0 1 0
0 -4 -14 -6 -11 -2 -12 -6 -13
0 0 0 0 0 0 0 0 0
8 7 5 1
-473904906 -720505867 -87377720 -834415222 -954554652 -754797324 -644157913 -777382526
0 0 0 1 0 0 0 0
2 5 -675876156
1 2 -871628256
1 3 -344019081
3 7 -700309858
4 6 -311676437
3 8 -520080926
1 4 -663469895
12 11 1 0
-9 -5 -8 -2 -18 -7 -9 -7 -5 -16 -1 -2
1 1 1 1 1 1 1 1 1 1 1 1
3 7 -20
1 2 -18
3 6 -14
2 8 -3
1 10 -11
4 5 -20
3 4 -15
1 3 -9
11 12 -8
5 11 -3
7 9 -6
8 7 7 3
-5 0 -2 -4 -2 -2 -2 -5
1 0 0 1 0 1 1 0
2 3 -4
3 6 -5
5 8 0
1 2 -1
4 5 -2
1 7 -4
1 4 -1
11 9 5 1
-1000000000 -1000000000 -1000000000 -1000000000 -1000000000 -1000000000 -1000000000 -1000000000 -1000000000 -1000000000 -1000000000
1 1 1 0 1 1 1 1 1 1 1
7 11 -1000000000
4 9 -1000000000
1 4 -1000000000
1 7 -1000000000
3 10 -1000000000
2 3 -1000000000
4 8 -1000000000
1 5 -1000000000
4 6 -1000000000
11 0 10 5
0 0 0 0 0 0 0 0 0 0 0
0 1 0 1 1 0 0 0 1 1 0
11 10 8 1
0 0 0 0 0 0 0 0 0 0 0
0 0 1 1 0 1 0 0 1 1 0
1 2 -218725189
6 10 -474025916
4 7 -504407836
1 8 -834406150
3 4 -816669014
1 3 -505462352
4 5 -590955425
8 11 -781648698
3 9 -472783991
2 6 -976482922
8 7 7 3
-16 -7 -19 -17 -7 -20 -7 -18
0 1 1 1 1 0 0 0
2 4 -1
3 8 -3
1 6 -7
2 5 0
1 3 -14
1 2 -17
4 7 -6
10 4 9 2
0 0 0 0 0 0 0 0 0 0
1 1 0 1 1 0 0 0 0 1
1 3 -17212905
2 4 -300884310
6 8 -476748201
4 9 -259096848
8 7 4 0
-229924606 -378783980 -566422276 -843436390 -276806523 -668126840 -298584844 -731188404
1 1 1 1 1 1 1 1
1 5 0
1 2 0
2 3 0
6 7 0
3 6 0
2 4 0
6 8 0
7 0 4 1
-869636652 -703092264 -893034528 -541369679 -851226289 -111356865 -806185481
1 1 0 0 0 1 0
9 7 3 0
-1000000000 -1000000000 -1000000000 -1000000000 -1000000000 -1000000000 -1000000000 -1000000000 -1000000000
1 0 0 1 0 0 0 1 1
3 5 -1000000000
5 6 -1000000000
1 2 -1000000000
2 4 -1000000000
5 7 -1000000000
7 8 -1000000000
4 9 -1000000000
10 0 3 0
-912556995 -432597637 -675789218 -368038538 -376378445 -562340048 -176243826 -31477444 -68671112 -891724919
1 1 1 1 1 1 1 1 0 1
7 6 3 1
-1000000000 -1000000000 -1000000000 -1000000000 -1000000000 -1000000000 -1000000000
0 0 1 0 1 0 1
6 7 -1000000000
2 6 -1000000000
1 3 -1000000000
1 2 -1000000000
4 5 -1000000000
3 4 -1000000000
7 6 1 0
-1000000000 -1000000000 -1000000000 -1000000000 -1000000000 -1000000000 -1000000000
0 1 0 0 0 1 0
1 5 -1000000000
3 7 -1000000000
1 4 -1000000000
2 6 -1000000000
2 3 -1000000000
1 2 -1000000000
6 5 5 0
-1 -1 -4 -1 -4 -5
1 1 1 1 1 1
3 4 -3
2 6 -4
1 2 0
1 3 -2
4 5 -2
12 3 5 1
-3 -6 -18 -7 -17 -9 -14 -2 -18 -2 -5 -4
0 1 1 1 1 1 1 1 1 1 1 1
2 7 -6
1 12 -20
5 10 -3
6 5 5 2
-441573379 -599844592 -149770937 -466076648 -810354984 -245197943
0 0 1 1 1 0
4 5 -449103587
2 6 -437623492
2 3 -64116675
1 2 -261356973
2 4 -270270989
