20
11 10 5 1
-1000000000 -1000000000 -1000000000 -1000000000 -1000000000 -1000000000 -1000000000 -1000000000 -1000000000 -1000000000 -1000000000
1 1 1 1 1 0 1 1 1 1 1
2 3 -1000000000
2 9 -1000000000
3 11 -1000000000
1 2 -1000000000
4 5 -1000000000
4 10 -1000000000
2 4 -1000000000
6 7 -1000000000
3 8 -1000000000
1 6 -1000000000
10 5 1 0
-230453021 -868548168 -465512938 -483064324 -176627285 -127373647 -337545080 -923959903 -190997255 -478343711
1 1 1 1 1 1 1 1 1 1
4 5 0
4 7 0
2 9 0
2 3 0
1 4 0
10 9 4 1
-699869714 -31626638 -34352806 -980418572 -742495159 -224009466 -300039707 -120422530 -553618555 -173979018
0 1 1 0 1 0 0 1 0 1
7 10 0
3 4 0
2 5 0
3 8 0
5 7 0
1 2 0
7 9 0
3 6 0
1 3 0
8 0 3 0
-1000000000 -1000000000 -1000000000 -1000000000 -1000000000 -1000000000 -1000000000 -1000000000
1 0 0 0 0 0 0 0
7 6 5 0
-2 0 -5 -3 -1 0 -4
1 1 0 0 0 0 1
1 2 0
4 7 0
1 3 -3
2 5 -4
3 4 -3
5 6 -5
10 0 5 0
-29996879 -217165301 -471083 -597898896 -815026520 -476026353 -569928283 -852883471 -137936534 -568772705
1 0 1 0 0 1 1 1 0 0
10 9 4 2
-4 -2 0 -2 -3 -5 -5 -1 -1 -3
0 1 1 1 1 1 1 1 1 0
1 6 -4
3 5 -1
2 4 -5
3 10 -2
2 3 -2
7 8 -3
7 9 -3
1 2 -1
5 7 -1
8 0 7 1
-4 -12 -7 -2 -18 -2 -16 -4
0 0 1 0 0 0 0 0
9 8 4 0
-4 0 0 -5 -4 -1 -1 -2 0
0 0 0 0 0 0 0 0 0
1 5 -3
1 3 -1
5 7 -3
1 2 -4
1 4 0
2 6 -4
7 9 0
4 8 0
11 10 1 0
-1000000000 -1000000000 -1000000000 -1000000000 -1000000000 -1000000000 -1000000000 -1000000000 -1000000000 -1000000000 -1000000000
0 0 1 0 0 0 0 1 1 1 1
4 9 -1000000000
5 7 -1000000000
1 10 -1000000000
1 3 -1000000000
3 4 -1000000000
8 11 -1000000000
4 5 -1000000000
1 2 -1000000000
4 8 -1000000000
4 6 -1000000000
12 8 5 0
-197473440 -704521440 -674973831 -529143316 -285730897 -20709233 -701911378 -730826423 -393875716 -993554860 -319040806 -7173899
0 0 0 0 1 0 0 1 0 0 1 0
4 6 0
4 7 0
2 5 0
1 2 0
5 11 0
1 3 0
4 9 0
3 4 0
6 5 5 0
-488870081 -929743438 -417198063 -439255494 -114167916 -524764448
0 1 0 1 1 0
1 3 -398297089
5 6 -325668359
2 5 -565717005
1 2 -879475124
2 4 -420899438
6 5 2 1
-362763038 -916243270 -811457035 -957453322 -757356162 -527324981
1 0 1 0 1 0
1 5 0
2 4 0
5 6 0
1 2 0
2 3 0
11 10 7 3
0 0 0 0 0 0 0 0 0 0 0
0 0 0 0 0 0 0 1 1 0 1
4 6 -941318571
3 5 -74068124
1 10 -43383620
5 7 -861865868
1 3 -473635514
3 9 -197839012
1 2 -232577163
10 11 -68143250
7 8 -540549963
2 4 -108428886
9 1 4 2
0 0 0 0 0 0 0 0 0
0 0 1 1 0 0 1 0 1
5 9 -786142181
8 0 2 0
-1000000000 -1000000000 -1000000000 -1000000000 -1000000000 -1000000000 -1000000000 -1000000000
1 1 0 1 1 1 1 1
10 0 6 0
-731236691 -585268816 -935524632 -104740736 -764516010 -498380784 -801717188 -448128626 -680325015 -667423405
1 1 1 1 1 1 1 1 1 1
11 0 6 1
0 0 0 0 0 0 0 0 0 0 0
1 1 1 1 1 0 1 1 1 1 1
6 5 2 0
0 0 0 0 0 0
1 1 0 0 0 1
1 6 -637176299
2 4 -472910939
2 5 -121537178
1 2 -983562382
1 3 -305874164
9 8 6 3
-929455061 -494931060 -628937444 -341161309 -294919763 -221111630 -739534909 -276472812 -114112595
0 1 0 0 1 1 0 1 0
1 2 -681430075
5 6 -494478808
1 3 -676397142
2 4 -762928481
3 8 -104360440
3 5 -657391834
3 7 -98802101
1 9 -754932105
