1
200 199 86 24
-1000000000 -1000000000 -1000000000 -1000000000 -1000000000 -1000000000 -1000000000 -1000000000 -1000000000 -1000000000 -1000000000 -1000000000 -1000000000 -1000000000 -1000000000 -1000000000 -1000000000 -1000000000 -1000000000 -1000000000 -1000000000 -1000000000 -1000000000 -1000000000 -1000000000 -1000000000 -1000000000 -1000000000 -1000000000 -1000000000 -1000000000 -1000000000 -1000000000 -1000000000 -1000000000 -1000000000 -1000000000 -1000000000 -1000000000 -1000000000 -1000000000 -1000000000 -1000000000 -1000000000 -1000000000 -1000000000 -1000000000 -1000000000 -1000000000 -1000000000 -1000000000 -1000000000 -1000000000 -1000000000 -1000000000 -1000000000 -1000000000 -1000000000 -1000000000 -1000000000 -1000000000 -1000000000 -1000000000 -1000000000 -1000000000 -1000000000 -1000000000 -1000000000 -1000000000 -1000000000 -1000000000 -1000000000 -1000000000 -1000000000 -1000000000 -1000000000 -1000000000 -1000000000 -1000000000 -1000000000 -1000000000 -1000000000 -1000000000 -1000000000 -1000000000 -1000000000 -1000000000 -1000000000 -1000000000 -1000000000 -1000000000 -1000000000 -1000000000 -1000000000 -1000000000 -1000000000 -1000000000 -1000000000 -1000000000 -1000000000 -1000000000 -1000000000 -1000000000 -1000000000 -1000000000 -1000000000 -1000000000 -1000000000 -1000000000 -1000000000 -1000000000 -1000000000 -1000000000 -1000000000 -1000000000 -1000000000 -1000000000 -1000000000 -1000000000 -1000000000 -1000000000 -1000000000 -1000000000 -1000000000 -1000000000 -1000000000 -1000000000 -1000000000 -1000000000 -1000000000 -1000000000 -1000000000 -1000000000 -1000000000 -1000000000 -1000000000 -1000000000 -1000000000 -1000000000 -1000000000 -1000000000 -1000000000 -1000000000 -1000000000 -1000000000 -1000000000 -1000000000 -1000000000 -1000000000 -1000000000 -1000000000 -1000000000 -1000000000 -1000000000 -1000000000 -1000000000 -1000000000 -1000000000 -1000000000 -1000000000 -1000000000 -1000000000 -1000000000 -1000000000 -1000000000 -1000000000 -1000000000 -1000000000 -1000000000 -1000000000 -1000000000 -1000000000 -1000000000 -1000000000 -1000000000 -1000000000 -1000000000 -1000000000 -1000000000 -1000000000 -1000000000 -1000000000 -1000000000 -1000000000 -1000000000 -1000000000 -1000000000 -1000000000 -1000000000 -1000000000 -1000000000 -1000000000 -1000000000 -1000000000 -1000000000 -1000000000 -1000000000 -1000000000 -1000000000 -1000000000
0 0 1 0 1 0 0 1 1 1 1 1 0 0 0 0 1 0 1 0 1 1 1 1 1 1 0 0 0 1 1 1 1 1 1 0 0 0 1 0 0 1 1 1 0 0 1 1 0 0 0 0 1 0 1 0 1 0 1 0 0 1 1 1 1 1 0 0 1 0 1 1 1 0 0 1 1 1 0 1 0 0 0 0 0 0 0 1 0 1 1 0 0 0 1 0 0 1 0 0 0 1 0 0 1 0 1 1 1 1 1 0 1 0 1 0 0 1 1 0 1 0 1 1 1 0 1 0 1 1 1 0 1 0 1 0 1 1 0 0 0 1 0 1 1 0 1 0 0 0 0 1 0 1 0 1 1 0 0 0 1 1 0 0 0 1 0 1 1 1 1 0 1 0 0 1 0 1 0 0 0 0 0 1 1 1 0 0 0 0 1 1 1 1 0 1 1 0 0 1
9 83 -1000000000
5 9 -1000000000
115 165 -1000000000
120 170 -1000000000
2 183 -1000000000
119 175 -1000000000
46 109 -1000000000
92 122 -1000000000
8 23 -1000000000
12 74 -1000000000
83 144 -1000000000
8 151 -1000000000
16 73 -1000000000
4 15 -1000000000
74 97 -1000000000
47 185 -1000000000
150 171 -1000000000
61 67 -1000000000
1 196 -1000000000
4 30 -1000000000
97 181 -1000000000
34 80 -1000000000
15 77 -1000000000
27 48 -1000000000
105 142 -1000000000
41 56 -1000000000
4 36 -1000000000
48 115 -1000000000
40 61 -1000000000
30 66 -1000000000
23 154 -1000000000
9 125 -1000000000
60 139 -1000000000
10 16 -1000000000
7 28 -1000000000
2 4 -1000000000
50 76 -1000000000
66 96 -1000000000
112 194 -1000000000
17 46 -1000000000
51 195 -1000000000
57 111 -1000000000
28 72 -1000000000
12 43 -1000000000
14 31 -1000000000
171 187 -1000000000
7 11 -1000000000
17 58 -1000000000
47 49 -1000000000
103 145 -1000000000
119 174 -1000000000
160 177 -1000000000
2 5 -1000000000
125 150 -1000000000
57 128 -1000000000
25 113 -1000000000
33 172 -1000000000
48 59 -1000000000
11 75 -1000000000
2 169 -1000000000
11 39 -1000000000
121 136 -1000000000
71 130 -1000000000
42 137 -1000000000
23 51 -1000000000
8 85 -1000000000
1 70 -1000000000
31 163 -1000000000
34 129 -1000000000
99 176 -1000000000
47 91 -1000000000
25 26 -1000000000
43 64 -1000000000
62 127 -1000000000
30 42 -1000000000
112 178 -1000000000
13 82 -1000000000
7 86 -1000000000
145 198 -1000000000
8 38 -1000000000
13 57 -1000000000
103 193 -1000000000
55 71 -1000000000
9 12 -1000000000
28 33 -1000000000
83 148 -1000000000
182 190 -1000000000
11 156 -1000000000
9 164 -1000000000
55 114 -1000000000
54 160 -1000000000
34 68 -1000000000
100 135 -1000000000
27 34 -1000000000
89 100 -1000000000
56 118 -1000000000
124 191 -1000000000
20 47 -1000000000
101 107 -1000000000
13 92 -1000000000
13 102 -1000000000
91 179 -1000000000
157 197 -1000000000
109 131 -1000000000
10 13 -1000000000
1 7 -1000000000
15 79 -1000000000
35 37 -1000000000
79 199 -1000000000
8 188 -1000000000
51 123 -1000000000
24 157 -1000000000
9 29 -1000000000
10 45 -1000000000
106 153 -1000000000
91 141 -1000000000
9 140 -1000000000
30 116 -1000000000
43 162 -1000000000
77 84 -1000000000
99 149 -1000000000
26 87 -1000000000
2 8 -1000000000
4 6 -1000000000
127 168 -1000000000
43 126 -1000000000
9 25 -1000000000
15 88 -1000000000
123 180 -1000000000
14 40 -1000000000
42 106 -1000000000
44 60 -1000000000
126 159 -1000000000
41 192 -1000000000
17 19 -1000000000
8 78 -1000000000
144 189 -1000000000
17 22 -1000000000
4 21 -1000000000
67 119 -1000000000
18 24 -1000000000
24 138 -1000000000
10 20 -1000000000
21 155 -1000000000
36 166 -1000000000
12 50 -1000000000
127 134 -1000000000
60 94 -1000000000
28 54 -1000000000
107 186 -1000000000
39 158 -1000000000
1 2 -1000000000
10 152 -1000000000
7 89 -1000000000
8 32 -1000000000
65 143 -1000000000
117 146 -1000000000
85 120 -1000000000
24 35 -1000000000
25 44 -1000000000
105 133 -1000000000
153 200 -1000000000
150 182 -1000000000
88 117 -1000000000
54 95 -1000000000
46 69 -1000000000
74 167 -1000000000
62 63 -1000000000
120 132 -1000000000
59 62 -1000000000
3 173 -1000000000
2 14 -1000000000
9 10 -1000000000
3 17 -1000000000
19 65 -1000000000
50 147 -1000000000
70 98 -1000000000
103 124 -1000000000
76 110 -1000000000
88 121 -1000000000
68 105 -1000000000
6 108 -1000000000
21 41 -1000000000
5 27 -1000000000
3 53 -1000000000
3 55 -1000000000
38 101 -1000000000
76 112 -1000000000
77 161 -1000000000
1 3 -1000000000
90 103 -1000000000
14 18 -1000000000
18 99 -1000000000
28 93 -1000000000
56 81 -1000000000
80 184 -1000000000
68 90 -1000000000
7 52 -1000000000
90 104 -1000000000
