1
200 149 128 48
-213328781 -137414094 -905486725 -547622009 -565721464 -725414162 -361975212 -69342528 -273996798 -518550609 -677431206 -566130262 -823081572 -89033200 -679799360 -273966089 -902317076 -811744885 -924068319 -974602316 -333433683 -481934534 -382571141 -634633684 -180569930 -626332104 -668549698 -423411991 -539775867 -336235006 -68323181 -106848232 -909263710 -475716359 -708806470 -639216689 -145501132 -464702801 -139504022 -226344967 -320095951 -747270865 -781015381 -110708421 -959337586 -917441430 -223186166 -250202153 -923641462 -183195993 -663713641 -239752233 -72304919 -556028735 -524126938 -997668831 -406339534 -42877714 -844560628 -343790613 -608261289 -659283604 -184434517 -917821256 -541712058 -878674748 -991451278 -5544270 -309158775 -111329125 -41608646 -482237448 -483526083 -613798080 -573095497 -318980274 -152913060 -806325332 -408760354 -188828445 -738017381 -736567800 -719224849 -98578151 -152012962 -293828031 -794770474 -37036119 -281131462 -38441469 -105428259 -266656073 -474352644 -936915350 -69943374 -11900099 -857389473 -141238137 -267800960 -416565824 -138875817 -905128873 -454599514 -579554137 -173675666 -727410128 -338845826 -50836116 -499996297 -181261156 -614715939 -211381395 -665342160 -295604037 -185647559 -544152785 -596223226 -417012427 -897713577 -875114772 -363383900 -850415449 -398265710 -861238002 -732695249 -656090571 -148860256 -621110556 -245811286 -770640889 -164134605 -409939776 -912705537 -877263169 -139434614 -409389205 -529470136 -590314089 -898275440 -752371055 -762448619 -321870337 -399576892 -440104552 -990580775 -974755608 -766104454 -640286745 -698616134 -1915068 -813896923 -251891674 -209322920 -339847127 -200859416 -205870337 -999314648 -248131364 -965978411 -534557276 -36896590 -510003187 -563674095 -273760234 -432619143 -293223720 -286407387 -726126158 -738616630 -754922470 -653715201 -864812434 -832286925 -258781963 -614035633 -108356193 -995478937 -165661475 -341480914 -857665670 -573716860 -238981806 -736601642 -209681601 -849579227 -620656393 -445932199 -474208482 -866550753 -43982721 -37227496 -87144920 -176202538 -700295445 -452577394 -127552815 -191206515 -636424298 -198527068 -323478338
1 0 1 0 0 0 0 1 0 1 0 0 0 0 0 0 0 0 1 1 0 0 0 1 1 0 0 0 0 0 0 0 0 1 0 0 1 1 0 0 1 0 0 0 1 0 1 0 0 0 0 1 0 0 0 1 0 0 0 0 0 0 1 1 0 0 0 1 1 0 0 0 0 0 1 0 0 0 0 1 1 1 0 0 0 0 1 0 1 0 0 0 1 0 0 0 1 0 0 0 0 0 1 0 0 1 0 0 0 0 0 0 0 1 0 0 0 1 1 0 0 0 0 0 0 0 0 1 0 0 1 0 0 0 0 1 1 0 1 1 0 0 0 0 0 0 0 1 0 0 0 0 0 0 0 0 0 0 0 0 0 0 0 0 0 0 1 0 0 0 0 0 1 0 0 0 0 0 1 1 0 1 1 0 0 0 0 0 0 0 1 1 0 0 0 0 0 0 0 0
146 158 -492190245
3 4 -407672571
1 3 -790110329
32 142 -394261688
68 130 -281274173
100 132 -301413455
59 100 -512867696
48 149 -701372249
71 129 -274312209
5 84 -514169097
73 112 -260223219
5 28 -119669633
109 173 -477589525
53 73 -598980400
81 106 -464784994
19 49 -859074848
4 15 -948846868
44 134 -482987534
6 9 -612427771
74 122 -223189020
2 10 -418453566
18 155 -374487456
43 157 -178522224
32 40 -57203835
12 195 -864807247
74 180 -492352170
42 65 -859244652
86 163 -920319984
33 72 -647170810
162 169 -501606196
72 175 -454850455
18 183 -141884440
43 55 -887534903
22 66 -939801156
5 25 -493877063
5 19 -763997599
14 56 -111471759
12 116 -371694295
125 144 -70400302
41 59 -36655501
45 67 -209761487
72 196 -85828537
77 170 -506063543
8 141 -210445142
106 185 -226905126
155 193 -568424603
78 120 -94608784
31 77 -673539843
11 104 -474029018
30 48 -827206848
12 36 -734277433
24 39 -7082643
34 74 -916551946
5 54 -401347492
70 111 -746208834
4 8 -400274877
42 127 -146355136
10 93 -863769561
61 83 -328176758
113 115 -478307550
11 24 -707493625
8 14 -989804766
21 154 -698353688
21 47 -681429277
30 121 -865207034
56 101 -339283373
15 98 -134648494
64 69 -24460866
10 131 -913454492
14 35 -331276252
11 97 -260950600
21 64 -345408703
45 179 -678247796
89 184 -630258495
139 187 -846793974
41 124 -889734406
30 50 -896032758
15 43 -478773090
33 62 -554932287
163 172 -591691617
9 22 -897799632
32 44 -306402024
78 133 -780707343
2 92 -377895734
132 198 -956803252
164 199 -96878293
138 150 -540702235
9 18 -589783333
32 45 -563770092
119 182 -839264860
32 61 -76125195
169 178 -258852658
27 30 -87559991
7 37 -546224665
12 88 -945488684
49 94 -893234163
45 89 -31389790
122 165 -844701398
108 168 -833739374
21 23 -182901193
65 167 -366116239
53 90 -120465235
3 32 -402129352
1 7 -377843287
82 119 -649607280
59 125 -364566596
119 151 -713510498
12 103 -465775274
10 152 -751027656
95 190 -512353044
83 105 -233033290
45 117 -92029696
44 139 -868313815
28 68 -160643323
43 159 -394294209
13 29 -450644786
71 110 -507555471
1 2 -691675879
10 63 -126383912
3 16 -603193156
12 71 -806983810
48 58 -236099278
2 85 -733518721
104 156 -218957491
86 137 -846953129
131 153 -975181795
95 166 -89206951
35 99 -273365308
92 160 -337409200
2 5 -529615270
6 31 -128167969
83 114 -661628517
14 176 -443102302
104 107 -989041842
76 82 -249294059
51 136 -82428586
1 6 -715971454
56 102 -998403657
18 26 -334725733
15 42 -634500501
13 33 -680751501
129 177 -663417232
101 140 -558306797
32 91 -142633552
5 11 -43524297
3 41 -900636485
106 113 -558387076
78 118 -456400246
44 87 -655516108
