1
200 171 104 37
-17 -17 -14 -11 -13 -8 -19 -11 -6 -13 -6 -3 -11 -10 -10 -3 -7 -18 -9 -18 -3 -9 -14 -11 -14 -18 -17 -12 0 -1 -16 -5 -3 -10 -17 -16 -12 0 -16 -13 -2 -20 -5 -16 -11 -3 -8 -9 -20 -5 -20 -19 -9 -19 -7 0 -5 -18 -4 -8 -10 -3 -12 -3 -12 -8 -15 -6 -13 -16 0 0 -2 -20 -9 -7 -10 -4 -6 -6 -2 -13 -3 -3 -15 -19 -13 -16 -20 -10 -2 -14 -3 -7 0 -15 -6 -15 -12 -5 -19 -17 -3 -9 -10 -10 -3 -8 0 -13 0 0 -17 -19 -3 -11 -8 -1 0 -11 -4 -14 -19 -2 -13 -14 -2 -19 -15 -19 -7 -13 -20 -3 0 -6 -20 -16 -5 -4 -20 -16 -6 -18 -2 -2 -17 -12 -20 -16 -14 -15 -11 -19 -13 -4 -5 -16 -1 -6 -10 -9 -15 -11 -19 -13 -1 -1 -2 -18 -17 -18 -1 -1 -7 -9 -17 -5 -11 -10 -3 -17 -13 -20 -7 -11 -10 -10 0 0 -7 0 0 0 -5 -20 -3 -18 -15 -1
1 1 1 0 1 1 1 1 1 0 1 1 0 1 1 0 1 1 1 1 0 1 1 1 0 1 1 1 1 1 1 1 1 0 1 1 1 1 1 1 1 1 1 1 1 1 1 1 1 1 1 1 1 1 1 1 1 0 1 1 0 1 1 0 1 0 0 0 1 1 1 1 1 0 1 1 1 1 1 1 1 1 0 0 1 1 1 1 1 0 1 1 1 1 1 1 1 0 1 0 1 1 0 1 1 1 1 1 1 1 0 1 1 1 1 1 1 1 1 1 1 0 1 1 1 1 1 1 1 1 1 1 1 1 1 1 1 1 1 1 1 0 1 1 1 1 1 1 0 1 1 1 1 1 1 0 1 1 1 1 1 1 1 1 0 1 1 0 0 0 1 1 0 0 0 1 1 1 1 1 1 1 1 1 0 0 0 1 1 1 1 0 1 1 1 1 1 1 1 0
33 40 -3
86 146 -2
30 141 -4
21 181 -17
8 20 0
2 109 0
46 95 -10
9 22 -18
35 43 -5
87 90 -11
158 196 -4
95 98 -15
71 152 -10
15 55 -11
40 42 -17
15 89 -7
144 183 -9
29 60 -15
24 79 -11
10 32 -7
32 88 -14
81 163 -7
75 119 -14
100 102 -1
15 17 -11
36 65 -15
15 70 -8
1 15 -7
30 44 -2
33 61 0
19 145 -12
20 35 -18
79 101 -18
101 142 -3
32 136 -2
1 36 -14
54 174 -4
118 158 -20
44 115 -4
92 168 -6
95 192 -16
23 26 -16
15 134 -1
36 50 -18
3 178 -10
51 82 -10
38 53 -12
54 85 -19
57 170 -12
52 175 -9
2 10 -12
43 120 0
10 68 -5
100 125 0
4 34 -4
22 46 -2
54 147 -10
131 132 -10
104 154 -6
22 171 -1
32 197 -8
22 29 -15
138 173 -10
21 37 -11
13 121 -11
68 69 -20
4 23 -7
109 144 -18
23 177 -11
67 92 -17
6 11 -5
35 130 -7
107 112 -19
15 64 -3
63 122 -5
29 176 0
21 167 -13
7 149 -9
104 118 -15
4 6 -16
77 199 0
43 59 -1
134 155 -10
64 143 -13
73 111 -12
5 8 -8
74 96 -2
27 113 0
27 75 -8
2 3 -13
98 104 -7
87 99 -2
170 190 -6
37 123 -19
166 188 -12
169 172 -13
77 103 -15
2 33 -20
145 150 -20
6 41 -20
37 52 -9
3 114 -7
21 24 -19
39 73 -18
71 87 -12
37 200 -7
136 189 0
41 72 -6
49 137 -8
2 100 -13
26 81 -19
9 31 -15
113 124 -11
28 80 -8
24 126 -10
60 105 -10
2 21 0
75 180 -16
9 19 -10
24 28 -6
145 193 -13
88 139 -11
11 25 -17
157 161 -10
146 182 -4
29 153 -8
12 148 -14
31 86 -4
121 195 -11
88 198 -2
77 186 -12
34 156 -8
10 16 -16
17 27 -2
65 128 -16
85 94 -10
108 162 -19
1 151 -20
14 129 -15
42 56 -5
77 133 -17
102 140 -20
55 66 -19
18 38 -12
39 51 -2
42 83 -15
66 67 -1
26 106 0
26 45 -15
44 184 -1
7 39 -5
60 76 -5
9 12 -2
1 2 -4
60 159 -16
15 58 -16
52 63 -6
1 194 -13
24 131 -18
99 135 0
3 7 -6
13 74 -18
8 84 -17
3 107 -15
5 14 -4
45 191 -11
176 187 -19
57 77 -4
9 62 -17
80 179 -4
4 9 -13
