1
200 187 110 34
0 0 0 0 0 0 0 0 0 0 0 0 0 0 0 0 0 0 0 0 0 0 0 0 0 0 0 0 0 0 0 0 0 0 0 0 0 0 0 0 0 0 0 0 0 0 0 0 0 0 0 0 0 0 0 0 0 0 0 0 0 0 0 0 0 0 0 0 0 0 0 0 0 0 0 0 0 0 0 0 0 0 0 0 0 0 0 0 0 0 0 0 0 0 0 0 0 0 0 0 0 0 0 0 0 0 0 0 0 0 0 0 0 0 0 0 0 0 0 0 0 0 0 0 0 0 0 0 0 0 0 0 0 0 0 0 0 0 0 0 0 0 0 0 0 0 0 0 0 0 0 0 0 0 0 0 0 0 0 0 0 0 0 0 0 0 0 0 0 0 0 0 0 0 0 0 0 0 0 0 0 0 0 0 0 0 0 0 0 0 0 0 0 0 0 0 0 0 0 0
1 0 1 0 0 1 1 1 0 0 0 0 0 1 0 0 1 1 0 1 1 1 1 0 0 0 1 1 0 1 0 0 0 1 0 0 0 0 1 1 1 1 0 0 1 1 1 0 1 0 1 0 0 1 1 1 0 1 0 0 1 0 0 0 1 0 0 0 1 0 0 1 1 1 0 1 0 1 1 0 0 1 1 1 1 1 0 0 0 0 1 0 1 0 1 1 0 0 0 1 0 1 1 1 1 0 1 1 1 0 0 0 0 0 0 1 1 0 1 0 1 0 1 0 1 1 0 1 0 1 1 0 0 0 1 0 0 0 0 0 0 1 1 1 0 0 0 1 0 1 0 1 1 0 1 0 0 1 0 1 0 0 0 1 1 1 0 1 0 0 1 0 1 0 1 1 0 1 0 1 0 1 1 0 1 1 0 0 1 0 0 0 0 0 0 1 0 0 1 1
60 119 -39686652
74 170 -313111585
90 175 -321884684
36 42 -869057512
6 180 -722895645
129 140 -134553817
16 158 -957521402
12 24 -200269657
102 127 -279659634
41 154 -193011720
25 176 -548267618
14 150 -872220141
5 99 -382409657
47 52 -832926321
53 56 -147846333
81 144 -443901752
56 148 -621473295
50 191 -846913357
41 131 -992614331
31 43 -731866245
3 25 -130473758
97 130 -976291470
69 109 -759048828
14 29 -243251905
128 164 -363937289
50 126 -503863319
98 189 -892897167
20 163 -647545819
12 65 -331712528
60 115 -183810900
29 181 -589016954
6 141 -868074234
159 160 -609532904
27 31 -299238443
49 105 -911611862
51 57 -302915399
4 17 -41757011
24 35 -343167151
10 12 -997869969
6 14 -690455469
49 53 -257724830
9 132 -605793558
13 34 -459943970
74 120 -95682204
30 70 -837811177
50 66 -737932703
73 82 -528624214
24 54 -129445953
29 46 -435688834
12 55 -206042378
20 44 -306941557
41 71 -361453597
88 91 -381961827
140 185 -99593630
83 101 -705447641
17 194 -419138457
75 96 -383013350
34 76 -502653688
10 49 -385916212
125 157 -739935828
2 10 -794518911
129 134 -701953971
115 200 -505864315
47 98 -575199597
110 171 -372228884
11 196 -526167808
121 149 -553347134
157 188 -257797109
3 7 -641544341
2 117 -886364191
68 80 -369858026
1 3 -660120619
11 107 -953969765
67 122 -690435761
73 111 -593185903
60 75 -839463263
45 86 -701806121
139 199 -309474293
27 32 -484614758
12 73 -710599131
1 45 -962946732
38 197 -257905999
21 108 -494738658
29 67 -587180070
15 18 -346047400
78 186 -90494659
1 21 -753981759
42 123 -414054673
38 137 -422776100
14 50 -80633525
11 187 -970811730
43 102 -902817148
31 77 -136470538
20 97 -840085894
49 88 -933617355
3 11 -393836098
19 39 -419696935
7 152 -636797977
14 19 -277257191
14 16 -808002246
15 20 -187120361
1 2 -975937906
47 192 -277971547
69 153 -839096489
34 51 -319598241
70 151 -337172463
62 162 -50556978
148 198 -423302746
65 90 -217202143
10 15 -912412419
13 58 -853763344
73 177 -188793878
5 8 -396624355
111 184 -729619655
43 121 -228132085
70 183 -224579958
60 147 -181210661
67 78 -919109050
42 68 -815957379
34 69 -723765505
72 94 -352486445
81 93 -601423695
122 195 -347244444
15 22 -823928449
2 5 -107478994
126 172 -463472972
14 36 -710087356
52 104 -185212213
4 6 -80286327
11 47 -979757549
110 113 -818224189
2 174 -203565417
5 85 -475628742
2 13 -923109727
6 84 -334562331
76 125 -870862535
112 156 -660139106
73 146 -824347263
61 72 -674803106
71 106 -461481434
167 182 -593698701
112 179 -354321376
3 9 -581828120
113 124 -892858448
74 139 -59680365
131 142 -379562907
18 64 -142743515
161 190 -472905798
66 165 -305165819
1 135 -71693262
77 87 -984998949
120 145 -566897557
26 136 -727328199
73 103 -495987886
23 62 -46505985
122 168 -365840487
79 169 -744004905
26 95 -667156239
11 40 -940760281
18 60 -736772346
36 61 -797494014
17 23 -987623017
55 63 -929980672
100 129 -972638611
6 89 -640386897
44 59 -426430299
52 79 -602019197
21 155 -611146942
46 48 -101565326
144 159 -837377933
31 41 -594680154
58 128 -15924459
8 100 -983842302
62 173 -248690211
48 114 -467283571
7 161 -5786158
126 143 -974111832
30 37 -85738173
18 28 -955630295
28 38 -501414039
28 178 -263293880
82 118 -688271877
38 112 -196087439
3 4 -771711785
74 81 -873088997
3 116 -944423945
3 27 -852680749
