1
200 199 140 17
-12 0 -19 -6 -12 -20 -1 -13 -12 -13 -6 -1 -10 -8 -4 -14 -13 -7 -19 -4 -14 -8 -1 -3 -18 -9 -10 -1 -15 -3 -16 -1 -11 -14 -1 -12 -1 -3 -12 -12 -16 -10 -2 -7 -1 -17 -7 -9 -7 -13 -13 -15 -11 -19 -20 -16 -12 -5 -15 0 -8 -16 -8 -6 -4 -11 -1 -16 -11 -11 -9 -5 -14 -7 -13 -19 -12 -4 -9 -16 -20 -12 -15 0 -18 -20 -20 -15 -6 -12 -10 -10 -11 -10 -4 -14 -11 -4 -19 -8 -12 -3 -4 -6 -20 -11 -14 -17 -19 -13 -13 0 -11 -15 -2 -7 -20 -5 -6 -8 -9 -9 -1 -12 -9 -13 -15 -13 -18 -9 0 -20 -14 -4 -3 -1 -4 -15 -11 -11 -3 0 -11 -19 -4 -3 -19 -7 -4 -16 -6 -19 -12 -16 -3 -5 -13 0 -11 -8 -15 -9 -19 -10 -1 -12 -10 -12 -16 -2 -14 -17 -9 -8 -3 -10 -20 -20 0 -17 -5 -5 -10 -10 -4 -1 -3 -20 -5 -5 -15 -9 -6 -9 -14 -8 -17 -6 0 -7
0 0 0 0 1 0 1 0 1 1 1 0 1 1 0 0 0 0 1 0 1 1 1 0 0 0 0 1 1 1 1 1 0 0 0 0 0 0 0 1 0 1 1 1 1 1 1 1 0 0 1 1 0 1 0 0 0 0 0 1 0 0 0 0 0 1 1 0 0 1 0 0 0 0 1 0 1 0 0 1 1 1 0 1 0 1 1 0 0 0 0 0 1 1 0 0 1 0 1 1 1 0 1 0 1 0 1 0 1 0 1 0 0 1 0 0 0 1 1 0 1 1 1 1 1 0 0 1 1 1 0 1 1 0 1 0 1 0 0 1 1 1 1 1 0 1 0 1 1 0 0 1 1 1 0 0 0 0 0 1 1 1 1 0 1 0 1 0 0 0 1 0 1 1 1 0 1 0 1 1 0 1 0 0 0 1 1 0 0 0 1 1 1 1 0 0 1 1 1 1
43 44 -2
11 45 -6
60 78 -17
4 70 -18
25 108 -14
8 24 -3
37 104 -3
149 178 -4
14 52 -2
46 121 -11
48 109 -11
60 62 -2
138 196 -9
28 79 -12
36 90 -12
18 51 -3
45 98 -13
8 47 -12
71 166 -6
73 74 -20
15 19 -20
58 148 -12
97 137 -6
27 35 -13
5 67 -10
3 4 -10
3 77 -3
83 93 0
177 183 -12
21 71 -15
9 14 -10
50 75 -14
19 84 -11
177 180 -12
32 82 -11
85 113 -8
26 34 -15
6 38 -20
52 99 -16
43 117 -2
2 141 -1
48 63 -16
69 81 -1
46 143 -8
81 94 0
39 95 -18
68 163 -8
30 39 -13
48 97 -9
111 147 -13
1 30 -6
1 13 -12
59 66 -5
125 198 -20
9 42 -2
114 138 0
126 149 -4
102 103 -6
46 124 -2
65 73 -11
21 53 -15
10 11 0
2 16 -4
60 134 -8
12 100 -8
127 190 -3
137 200 -12
40 142 -2
36 46 -5
8 59 -9
39 161 -20
7 68 -19
108 126 -8
42 56 -14
47 65 -11
48 61 -18
78 106 -7
16 26 -17
2 37 -15
131 159 -14
166 186 -11
9 58 -16
115 169 -11
105 130 -9
89 182 -4
12 119 -2
12 31 -1
148 168 -8
16 20 -9
30 136 -4
144 187 -19
78 122 -14
48 92 -13
20 128 -12
57 177 -9
74 112 -1
19 41 -4
79 165 -11
23 29 -20
2 8 -2
185 189 -13
21 145 0
32 85 0
7 50 0
96 170 -15
38 76 -20
98 155 -19
2 48 -11
9 91 -5
53 139 -8
144 199 -16
115 154 -7
53 158 -17
92 116 -2
8 36 -8
18 89 -13
29 115 -1
6 9 -17
19 72 -6
83 86 -1
43 102 -10
14 27 -8
48 55 -6
11 105 -12
23 184 -3
2 127 -12
96 174 -12
105 188 -1
119 173 -20
7 10 -3
151 191 -1
6 7 -4
136 146 -18
64 87 -1
17 28 -18
121 181 -14
1 157 -8
46 69 -18
15 156 -5
41 54 -4
36 195 -4
74 88 0
148 197 -10
30 123 0
45 80 0
3 12 -9
105 107 -20
77 101 -8
17 23 -2
45 150 -7
84 162 -15
8 22 -4
82 133 -19
120 160 -18
20 64 -15
77 164 -5
10 33 -1
6 21 -2
58 179 -9
2 3 -13
115 167 -15
13 17 -2
9 18 -7
70 125 -3
1 15 -15
80 83 -16
1 2 -3
55 175 -1
119 194 -16
27 60 -18
66 111 -10
87 193 0
129 144 -6
1 5 -2
86 118 -3
172 176 -7
92 129 -17
184 192 -5
83 110 -3
10 151 -12
78 172 -10
17 49 -10
1 6 -11
43 131 -4
5 152 -3
93 135 -11
12 40 -1
87 120 -19
16 25 -15
16 132 -10
85 153 -5
74 171 0
12 43 -11
55 96 -13
49 57 -12
103 140 -9
13 185 -8
18 32 -12
25 114 -19
