1
200 170 144 46
-610379652 -279700186 -449998906 -233197782 -834510787 -894602107 -605328311 -11069297 -916448963 -748820888 -698963620 -273901393 -521297103 -544977562 -896990675 -286762965 -652106872 -298368042 -788161347 -34370817 -483636672 -942177991 -395596189 -944080061 -548533316 -38561602 -775417402 -491979165 -142842258 -939823588 -439267873 -2594819 -642857325 -426636113 -377090560 -733226698 -895253974 -594584049 -826751986 -193525475 -738082864 -600496622 -506239876 -23898386 -58117356 -98189681 -610321367 -969380183 -440864376 -104721373 -306454623 -131602866 -475228260 -552510685 -825520269 -434207332 -298659056 -644371199 -246260953 -756251155 -854165638 -219619848 -712097784 -84264 -770746390 -886998506 -180940839 -130580135 -181476186 -77952300 -885450973 -761272929 -12134604 -58771249 -807652471 -72342458 -216868784 -486101570 -143608324 -103949753 -923960004 -48655303 -222422412 -504673577 -204058161 -339436389 -254725026 -843701167 -346363697 -276611796 -836821069 -794488377 -904538226 -328576284 -125753728 -410660197 -217900594 -929487148 -667680762 -214466286 -348404639 -494656967 -486290911 -245522415 -102556687 -791387245 -218412367 -382430178 -472951290 -218098708 -717625705 -249709607 -748196436 -376877043 -925143022 -517563075 -73995266 -515258414 -182611472 -474773865 -821510507 -206993246 -97550003 -177719794 -367084354 -685988720 -88426846 -176420236 -993257461 -399216227 -601847193 -11784361 -624843863 -219534820 -220500061 -549869861 -802392097 -792610974 -981819099 -371652723 -566904904 -100881395 -43230582 -77837338 -958317707 -745635450 -265844472 -701127356 -141251459 -896690611 -457990393 -985569545 -92389511 -656121549 -634019477 -519723097 -408849457 -784954259 -860851689 -283582213 -741378553 -334310536 -939367989 -314235691 -537657313 -135504123 -888129905 -522887739 -127219103 -835912468 -695833249 -680758999 -853782273 -893475712 -776942808 -599660919 -732992614 -340172735 -332780081 -518719370 -942837535 -251512287 -253865979 -63272022 -431082812 -567908003 -577823214 -504988082 -182575246 -926232119 -131188629 -917763691 -583671565 -141949730 -577849717 -3270002 -982179690 -716554435 -158325641 -219753297
0 1 0 0 0 0 1 1 1 1 0 0 1 0 0 0 1 0 0 1 0 0 0 1 1 0 1 0 1 1 1 0 1 0 1 0 0 1 0 1 1 0 0 1 1 0 1 1 1 1 0 0 1 1 0 1 1 1 0 0 1 1 1 1 1 1 1 0 1 1 0 1 0 0 0 0 1 0 1 1 0 0 0 0 0 0 1 1 1 1 1 0 0 0 1 0 1 0 0 0 0 0 0 0 1 0 0 0 0 0 1 1 0 0 1 1 1 0 0 0 0 0 0 0 1 0 0 1 0 1 1 1 1 1 1 1 0 1 1 0 1 0 1 0 1 0 0 1 0 0 1 1 0 0 1 1 1 1 1 0 1 1 1 1 0 0 1 0 1 0 1 0 1 0 0 1 0 1 0 1 0 0 0 0 1 1 1 0 1 0 0 1 0 0 1 0 0 0 1 0
46 52 -959114398
1 129 -900736821
127 153 -238512975
38 157 -947939324
31 50 -494083249
42 194 -727393491
10 86 -487636202
75 76 -55735688
155 169 -650060100
132 151 -90411536
3 7 -602264362
61 119 -867723847
13 198 -906835797
163 167 -138424567
12 20 -606025466
4 80 -168948803
54 114 -237163379
158 199 -670205941
36 51 -977393119
5 24 -918494717
6 33 -670545869
28 123 -787823524
25 49 -789785841
62 180 -443167748
14 154 -558390548
6 10 -640532350
10 12 -24609064
19 43 -727949545
22 110 -436808301
6 29 -449506827
87 94 -989560592
8 28 -962397602
1 3 -219302448
33 93 -161499307
82 141 -933900041
1 6 -583364813
159 172 -386754422
34 90 -249375074
5 23 -994169388
2 103 -138110087
21 22 -30010651
2 109 -497246960
2 5 -156681870
103 196 -930852335
123 160 -303540977
86 156 -760454514
90 149 -620953333
121 159 -147034501
175 178 -109061100
1 32 -33261170
120 146 -178587647
15 108 -318152478
76 193 -305109136
4 8 -798879349
10 11 -123876144
5 89 -772401474
4 88 -384024207
17 107 -84064612
138 191 -219320013
6 14 -634079246
24 48 -353655487
65 121 -863309880
138 142 -472970617
59 106 -451689400
46 166 -899182096
29 42 -72181931
31 95 -937248092
21 30 -852435314
36 179 -417615275
127 176 -685527470
9 15 -767617856
71 85 -684384878
7 117 -391359301
17 59 -205226536
43 78 -511712352
4 130 -36196106
43 87 -990484972
28 34 -589224449
143 185 -30745102
48 62 -580690345
37 104 -216607158
56 71 -838030127
4 74 -812799322
35 99 -285029666
14 44 -834527645
10 27 -602432593
46 56 -575226578
12 84 -729869370
2 83 -630953407
98 136 -924807713
36 134 -636186135
102 131 -658589620
47 171 -133846924
10 70 -532824523
13 16 -182016035
101 197 -324580399
37 66 -128548330
67 116 -432269808
123 168 -80803332
19 98 -173891079
4 9 -819062059
162 183 -846521041
71 144 -525406256
4 125 -299711028
4 55 -69113642
9 145 -666973683
34 187 -807742055
2 25 -275220431
30 38 -380552688
57 184 -384516478
122 127 -527032105
26 63 -211440453
123 128 -720950348
122 150 -174239934
103 115 -278858203
1 2 -55364093
5 195 -428554550
33 53 -670176780
59 163 -347314434
62 102 -457004633
137 173 -436135671
14 182 -217363457
27 45 -931133703
26 92 -602096217
9 17 -285774542
83 96 -923834055
3 18 -667565804
12 47 -488681223
60 69 -30490475
23 65 -383568360
26 177 -416238069
3 35 -214292672
124 174 -433774533
89 165 -80915394
4 67 -612441701
85 118 -155612963
67 73 -369512723
153 189 -332630486
86 91 -387975196
17 19 -707991333
31 41 -512393088
135 139 -556710416
94 158 -673442557
48 112 -213522633
1 40 -630335491
78 111 -340968172
31 77 -142304237
61 75 -351493936
28 46 -339010584
166 190 -515772869
13 100 -56016929
33 140 -854126433
5 60 -122137534
69 135 -260727681
26 148 -451362573
61 188 -346885834
10 133 -813769946
97 101 -928823132
15 152 -121188159
33 105 -99132452
87 137 -93965182
7 26 -413702593
94 138 -492602521
99 170 -408536695
1 68 -348390924
17 58 -183289179
27 57 -775862756
99 113 -499359372
153 162 -254049778
2 4 -446592693
