1
60 59 30 10
-293144900 -778020992 -522605715 -926136310 -412923284 -812588479 -415249032 -500233414 -379719093 -940409018 -744524395 -124687683 -861908593 -84205812 -796172476 -732878325 -164252460 -373098408 -723425368 -809172221 -871265183 -788397502 -117254144 -340791136 -786053227 -841600027 -511423810 -849477570 -131603076 -601591937 -706486742 -762152362 -862784442 -884804722 -293944721 -749877603 -393396954 -881557038 -230271151 -553863925 -270105831 -794336265 -234900193 -845463102 -879311910 -772735954 -986741410 -546632299 -865435660 -834808160 -456122828 -12089369 -882685009 -593087765 -672321639 -267912681 -203337820 -622801783 -674366620 -226754128
1 1 0 1 1 0 1 0 1 0 1 1 0 1 0 1 1 0 1 1 1 0 1 0 0 0 1 0 0 0 1 0 1 1 0 1 1 1 1 1 1 1 1 0 0 0 0 1 0 0 0 0 1 0 0 1 0 0 0 0
27 28 -387151468
47 48 -798717165
1 2 -763744869
48 49 -100622677
38 39 -105806799
9 10 -965401168
4 5 -992358153
57 58 -636399729
8 9 -465126538
13 14 -775464302
34 35 -743652905
7 8 -837368945
29 30 -989057430
23 24 -352632362
6 7 -401809017
44 45 -620391925
21 22 -304963500
37 38 -571550845
2 3 -259949107
11 12 -136291531
55 56 -244735935
46 47 -408844377
30 31 -105101575
35 36 -463015745
15 16 -410950606
12 13 -98733841
18 19 -136793538
14 15 -874715703
32 33 -427832831
25 26 -558735647
56 57 -438979181
50 51 -671154656
58 59 -158947220
51 52 -563761613
10 11 -359966051
45 46 -544181965
26 27 -453257432
52 53 -417075501
5 6 -877177483
33 34 -723853570
22 23 -232891050
49 50 -558244398
19 20 -232176388
42 43 -377319322
31 32 -683737336
54 55 -148185817
53 54 -316738840
39 40 -493614304
43 44 -488801715
16 17 -414889546
36 37 -398372596
17 18 -792141391
24 25 -934266953
28 29 -123126252
3 4 -785310778
59 60 -476124452
40 41 -241723691
20 21 -598951634
41 42 -833240598
