1
70 69 50 20
-970269035 -727750324 -120421125 -793257072 -345255274 -463939314 -926901187 -324754761 -21461333 -829412285 -719851047 -209742981 -881413435 -534213747 -324491374 -963327067 -43810743 -34309274 -50823136 -841982166 -596064052 -294165358 -895905892 -725577803 -354743267 -303452360 -157414195 -700286089 -114050275 -868236659 -352300423 -202189112 -673044187 -164332197 -869926066 -361599549 -246725672 -914929471 -506618514 -434870417 -728616944 -720239595 -779346963 -57630861 -478916687 -930095593 -367315690 -420250545 -388446935 -585745461 -932572509 -130006085 -945344235 -647193246 -320454864 -978347007 -621700379 -329685540 -219685645 -873691999 -71124990 -739589549 -116084046 -688059014 -434362083 -266508052 -506749634 -306366886 -486548857 -32690811
1 1 0 1 1 0 1 0 1 0 1 0 0 0 1 1 1 0 0 0 1 0 0 1 1 0 1 0 0 0 0 1 0 0 1 0 1 1 1 0 0 1 0 1 1 1 1 0 1 1 0 0 1 0 1 0 0 1 1 1 0 0 0 0 0 1 1 1 0 1
1 67 -413969453
1 2 -257129100
1 31 -461899897
1 44 -656916363
1 41 -216439806
1 15 -185947331
1 28 -161713964
1 12 -138803797
1 3 -956612718
1 20 -43665871
1 53 -368294527
1 42 -302967353
1 33 -279346131
1 10 -722428736
1 68 -118136508
1 22 -768899829
1 37 -179769885
1 59 -528533182
1 21 -831307157
1 23 -15187574
1 18 -187489327
1 46 -580610036
1 36 -582739142
1 63 -264050462
1 19 -945488546
1 32 -640870620
1 4 -948004469
1 50 -462437276
1 35 -918449089
1 69 -573269009
1 34 -76189333
1 30 -454969349
1 16 -484329018
1 6 -871071068
1 11 -944059607
1 17 -725708509
1 57 -421727910
1 49 -157775052
1 52 -478082556
1 58 -592059874
1 25 -440752621
1 24 -426346480
1 48 -421703161
1 29 -213616850
1 45 -567336988
1 5 -974266935
1 65 -212190908
1 38 -198187686
1 55 -91953081
1 60 -200307967
1 13 -806677301
1 64 -479522659
1 54 -194400363
1 8 -113130496
1 66 -443792746
1 39 -89706432
1 14 -496344277
1 9 -888005040
1 61 -943513100
1 47 -587205729
1 62 -354509183
1 27 -397584655
1 51 -648767454
1 7 -781009148
1 56 -326826165
1 43 -25380670
1 26 -299364483
1 70 -699314982
1 40 -735418551
