1
80 79 60 0
-724782656 -866149205 -602699523 -58534222 -602390090 -91681486 -547544449 -90959687 -455196429 -100481391 -362305264 -314029912 -497424925 -574560898 -224100165 -719980964 -427468979 -642140701 -579093951 -4238682 -309450416 -391024654 -180935983 -635264538 -912017276 -750388368 -287791394 -787596008 -189965050 -954275980 -263291384 -390039708 -553382673 -284149120 -943837995 -744606528 -907336338 -191047385 -447169837 -680261944 -718159285 -520131371 -741515836 -13359036 -239260672 -55128942 -756544922 -748270551 -662040625 -854401648 -67126324 -613860301 -319218059 -832518557 -445796895 -387614614 -641718620 -390518008 -923902702 -181275358 -813163280 -564805714 -460574146 -960932291 -416011380 -179029024 -683428548 -846133443 -681727192 -671058032 -16476243 -12267180 -415486901 -311584462 -723705363 -312875402 -706667635 -454540185 -495282081 -772679491
1 1 1 1 1 1 1 1 1 1 1 0 1 1 0 1 1 0 0 1 1 1 1 0 1 1 1 1 1 1 0 0 1 0 1 1 0 1 1 0 1 0 1 0 1 1 1 1 1 1 1 1 1 1 1 1 0 0 1 0 0 1 0 1 1 1 1 1 1 1 1 0 1 1 0 0 1 1 1 1
1 45 -58817793
1 18 -486552949
6 13 -325698219
20 21 -914007164
4 24 -919759020
1 14 -224371772
4 6 -747946259
13 66 -165488404
26 42 -200753399
1 2 -70063039
15 33 -329117479
7 11 -200205083
11 28 -658148936
29 75 -891920998
11 15 -863969577
2 44 -130814296
8 43 -198331799
64 72 -472846174
24 62 -540897810
23 30 -83853455
32 34 -978237181
5 7 -674557051
59 73 -937066480
55 67 -550103195
28 64 -357409516
3 17 -953796068
3 4 -354971121
14 27 -936129210
22 38 -386526843
30 54 -144313535
8 16 -351290189
58 60 -94361267
18 77 -171678949
8 23 -546531003
5 9 -124135174
41 70 -91207962
4 12 -610028420
31 35 -126906099
8 78 -929900738
35 80 -513348368
49 53 -434021374
35 40 -796083339
12 47 -585820442
51 74 -943856840
27 63 -597936856
39 61 -852640769
27 48 -529625275
45 49 -740023499
39 59 -441624284
13 20 -554718352
29 69 -164705489
38 41 -868170385
65 79 -380741776
1 31 -881246322
1 3 -680393746
11 68 -838703797
14 22 -579241655
22 29 -522963124
3 26 -423324138
14 65 -991968149
73 76 -988078048
33 71 -206571862
9 10 -396398126
16 39 -340054273
4 52 -582140828
36 46 -131639363
1 5 -241425690
29 36 -391434358
7 8 -838654254
17 55 -257475327
18 50 -137095473
14 25 -503189970
52 58 -512117895
23 37 -345862202
10 32 -471639779
12 19 -254930986
14 57 -425037502
26 56 -350184946
8 51 -76218869
