1
90 89 90 30
-1 -5 -2 -2 0 -1 -2 -2 -4 -2 -3 -1 -4 -2 -4 0 -4 -4 -1 -5 -4 -2 -3 -5 -5 -5 0 -2 0 -3 -4 -3 -3 -4 -3 0 -2 -2 -5 -5 -4 -5 -2 -1 -2 -3 -1 -1 -5 -5 -5 -2 -3 -3 -5 0 -4 -2 -2 0 0 0 -2 -5 -3 -5 0 -4 -4 -1 0 -2 0 -4 -5 -2 -2 -1 -4 -1 -5 -2 -2 -3 0 -5 -5 -1 -1 -1
0 0 0 1 0 0 0 1 1 0 1 1 1 1 1 1 0 1 1 1 0 1 0 1 0 0 0 0 1 0 0 1 1 0 0 1 0 0 0 1 0 0 0 1 0 0 0 1 0 1 1 1 1 1 1 0 0 0 0 1 1 0 0 0 0 1 0 1 0 1 0 0 1 1 1 0 1 1 0 1 1 1 1 0 1 0 1 0 1 1
21 27 -2
55 70 -1
45 60 -4
29 48 -3
11 19 -4
20 74 -5
14 55 -3
13 35 -2
4 5 -1
34 47 -2
38 39 -2
15 21 -4
6 17 -3
32 43 -5
49 79 -4
16 72 -1
58 86 -5
1 2 -5
9 10 -5
3 7 0
29 31 0
2 18 -5
3 11 -2
25 84 0
4 9 -2
28 68 -3
13 14 -5
1 12 -5
36 65 -3
50 82 -1
41 51 -3
14 15 -4
24 25 -5
86 87 -1
13 16 -4
5 73 -5
3 69 -2
30 85 -4
12 13 -1
42 62 -2
5 38 -1
6 57 -1
46 56 -1
29 49 -2
13 34 0
65 77 -1
5 58 -2
60 80 -1
6 8 -3
59 83 -1
6 41 -4
3 20 -5
14 46 0
10 32 -5
36 37 0
46 78 -5
53 67 -5
26 76 -4
10 24 -5
33 66 -1
1 4 -1
61 88 0
21 33 -3
50 61 -5
42 45 -2
71 81 -2
44 59 -5
29 64 -2
2 3 -3
1 6 0
14 22 -5
39 44 -5
27 29 -2
33 52 -1
30 50 -2
24 89 -5
5 23 0
4 40 -1
64 75 -3
52 54 -2
26 71 -4
14 63 -5
81 90 -4
21 42 -3
12 36 0
25 28 0
18 30 -4
13 26 -2
35 53 -4
