1
100 93 70 35
-35034971 -964114604 -791073229 -474454415 -941424810 -365876011 -795077397 -447461945 -880464270 -532683760 -786723225 -385945696 -153907314 -252611517 -127963366 -125806798 -342169935 -751244341 -283914490 -178315343 -83905770 -402696704 -682159163 -539906063 -189664716 -446652880 -288218438 -252370594 -556781448 -817119492 -725218316 -235561338 -475987101 -54793305 -481107574 -566606949 -892542306 -114375919 -501236121 -44195929 -388749810 -798756598 -46827319 -112343099 -87176578 -353484933 -81836193 -880507910 -450577832 -78965784 -686624730 -869144024 -175189988 -498878278 -270804907 -961473806 -632206851 -986691861 -814922387 -136562828 -592269988 -307160173 -499891725 -841992319 -764574741 -85897137 -162838407 -734305845 -225650954 -847064644 -498235214 -561110484 -761208181 -76137242 -124755585 -995753603 -510929565 -408172097 -471007000 -600469045 -298598437 -907280270 -311819800 -456032962 -597467587 -138784721 -503893986 -217154242 -497229024 -801393845 -196894976 -662827598 -281123028 -791512413 -683915253 -414838737 -166136289 -67634004 -168810040 -623260227
0 0 0 1 1 0 0 1 1 0 0 0 0 0 0 1 1 0 0 0 1 1 1 0 1 1 1 0 0 0 0 0 0 1 0 1 1 1 0 0 1 0 0 0 1 0 0 0 0 0 0 0 0 0 0 0 1 0 0 0 0 0 0 0 1 1 1 1 0 1 0 0 1 0 1 0 0 1 0 1 1 0 0 1 0 0 0 0 0 1 1 0 0 0 1 0 1 0 0 1
55 56 -856449569
13 16 -71917187
52 53 -215740519
39 40 -291397676
87 97 -920499167
63 65 -153332695
35 50 -452632312
52 55 -817923102
2 12 -189432173
36 38 -856329192
67 68 -854921013
3 4 -768497192
76 77 -111382194
25 28 -254681974
87 94 -959616607
29 31 -589004206
1 6 -119862562
87 92 -905286973
42 44 -577138843
25 26 -763834733
24 30 -293993498
20 22 -255909926
93 95 -762110929
13 21 -256016880
52 58 -158903924
79 84 -828142156
52 54 -683118174
6 9 -203726351
1 3 -588998316
66 81 -575117363
57 62 -647116752
87 90 -214139382
6 18 -892664886
89 96 -87355199
57 64 -636576544
3 11 -275239639
34 35 -824614905
76 82 -205350164
70 71 -836817328
69 76 -542333676
48 49 -53339711
72 83 -711790298
7 8 -165230064
1 15 -328249526
69 73 -309275038
42 47 -952880999
53 57 -612438411
87 89 -679138618
7 20 -894211587
52 60 -7465397
69 72 -716817924
36 51 -349609136
69 75 -219200003
10 13 -954371242
44 45 -435328750
68 85 -278826176
23 24 -238195733
59 61 -252395777
34 36 -616811793
68 80 -920443635
3 19 -12298921
4 7 -357421710
33 34 -47791103
37 46 -682045697
73 74 -427732321
36 37 -406439112
72 78 -619991568
2 5 -990780947
26 32 -787710169
66 70 -463499436
37 48 -610063534
87 88 -101849884
6 17 -751072758
66 67 -961265567
38 39 -321724951
37 42 -208558034
1 2 -370091167
37 43 -236400279
89 91 -57017883
73 79 -445233121
24 25 -13342678
23 29 -784235740
68 69 -274616787
24 27 -440507587
53 59 -745704887
7 14 -8906327
35 41 -302599715
91 93 -67009092
9 10 -789007655
67 86 -375872290
98 99 -475725927
99 100 -936843802
57 63 -467196322
