1
110 100 80 40
-575774871 -624379724 -162115147 -146865767 -500230076 -162566193 -637196894 -721016592 -779232604 -123663206 -801013085 -746636661 -848719955 -481956925 -181616296 -977807818 -607670651 -349974488 -475708489 -978298883 -429821645 -912080861 -898410 -809079878 -657098898 -890719479 -366359413 -837597122 -356648507 -887444342 -672573515 -187454140 -567860841 -966231993 -825099958 -117924632 -360186360 -35999339 -168737823 -11731887 -345849399 -974311772 -666654807 -921073205 -45003086 -652348459 -357157715 -213156901 -578199625 -721563604 -975324923 -313102977 -15046111 -351296925 -676786031 -357582709 -180355314 -355764950 -970877222 -126754926 -933688834 -322943313 -311153124 -36258891 -934801281 -5371077 -260257652 -797789478 -548682404 -29229058 -526707253 -999208299 -893905015 -328346561 -394034636 -542183549 -280056716 -529061195 -590910227 -228337833 -731423711 -850926036 -1079055 -778854046 -944155283 -843817425 -509159700 -657261013 -511525289 -482614968 -609697130 -798708755 -670189275 -910894014 -922467680 -943196865 -288046780 -544436046 -688373136 -866562315 -33899592 -499962175 -292725087 -730693092 -187057483 -446147316 -816997303 -208741953 -81230619 -339997471
0 0 0 1 1 0 1 0 0 1 1 1 0 1 1 1 1 1 1 0 0 0 0 1 1 1 1 1 0 1 0 1 1 0 0 0 1 1 1 1 1 0 1 1 1 1 0 0 0 0 0 0 1 1 1 1 1 0 1 1 1 1 1 1 1 0 1 0 1 1 1 0 1 0 1 1 0 1 0 0 1 1 1 0 1 1 0 1 1 1 1 0 0 0 1 1 1 1 0 1 1 0 0 1 1 0 1 1 1 1
69 76 -434008615
49 50 -284366515
3 8 -568092399
69 71 -487613185
69 72 -71613993
89 90 -357847232
90 91 -788073489
72 86 -84139177
69 70 -742092260
48 51 -288919823
54 57 -967666875
9 10 -587984656
18 24 -692542992
41 45 -22801735
39 48 -758793845
72 74 -367794374
69 87 -254776328
18 19 -531855811
90 92 -348630165
26 31 -255004489
41 52 -582013849
58 67 -994815153
22 25 -119946432
34 35 -840671447
12 13 -211801211
69 73 -88820613
98 99 -796317276
12 14 -951016538
41 47 -814884284
27 30 -146134754
97 100 -259856421
56 61 -898761770
13 17 -362172763
106 107 -149950791
2 7 -593250668
74 85 -542238877
26 29 -119761190
105 106 -442562332
26 33 -574236125
53 54 -486692420
75 78 -695679027
36 37 -777779241
1 3 -895156446
14 15 -906239234
69 81 -611128587
69 80 -822472615
73 79 -541338932
92 97 -146872937
21 23 -109703914
56 62 -717926281
74 75 -309414454
3 4 -708652994
92 96 -495913596
102 104 -27077791
30 32 -409461466
100 101 -803357788
67 68 -713910875
18 21 -757087821
54 60 -415109978
26 28 -811328077
20 22 -928062850
70 83 -155517423
108 109 -81446528
13 16 -128781247
44 46 -101732883
54 66 -324746875
89 98 -342769669
89 94 -949708441
39 42 -676615587
102 103 -23728467
81 84 -844785937
91 95 -821798230
70 88 -73498752
102 105 -521123455
53 64 -234001469
106 110 -239373642
1 5 -733508554
40 41 -859328434
74 77 -83347147
8 11 -783871715
59 63 -970114720
53 55 -951874530
1 2 -960257846
40 43 -545908868
1 6 -427491806
36 38 -651120551
39 40 -491037310
106 108 -422454651
26 27 -163374651
57 59 -610397520
18 20 -94445175
55 56 -546190006
77 82 -453125371
56 58 -43029154
58 65 -846064339
39 44 -985322751
47 49 -786058403
35 36 -224662928
89 93 -33786235
4 9 -512755033
