1
120 117 100 50
-812741381 -262633372 -127494908 -101465239 -988867609 -218196252 -741434543 -195965612 -552675858 -256402168 -398959054 -59279899 -269520145 -441769013 -670740793 -652293596 -644825664 -992095200 -59225079 -936906845 -305438115 -57780801 -152828324 -169934231 -765406560 -796502744 -380795269 -253893494 -467095063 -485075617 -779133276 -752432631 -509253465 -883891849 -524483008 -253287030 -361369807 -730435103 -844621432 -233070362 -805084810 -951880548 -441754230 -993088049 -535203294 -859750346 -132988455 -397193645 -968916941 -497939395 -320921061 -440116866 -673212478 -47660148 -964960941 -456997566 -796779175 -861350957 -487629516 -774278575 -796456040 -362711179 -610672414 -4988204 -781804703 -918197789 -303833517 -283631477 -26425789 -350541121 -609410717 -590960451 -598675710 -45029212 -43374731 -866948700 -211310148 -703497280 -571413789 -72361577 -888660984 -595809161 -70918650 -545328080 -320541188 -314616232 -823351833 -652710564 -59359125 -275203864 -416166786 -49381680 -72070320 -974744383 -326223350 -287064229 -354718862 -792433596 -535563454 -238941007 -4230821 -241640831 -196663946 -572804386 -624891098 -724759303 -22584994 -901219624 -964599387 -104778619 -837558661 -36291841 -630839942 -497556602 -67412068 -823959831 -36752761 -617516582 -862748042 -460410841
0 1 1 0 0 1 0 1 0 0 0 1 1 1 1 0 1 0 0 0 1 0 1 1 1 1 1 1 1 0 0 0 1 0 0 0 0 1 0 0 0 1 1 0 1 1 1 0 0 1 1 0 1 0 1 1 0 0 0 1 1 1 1 1 1 1 1 0 1 0 1 0 0 0 1 0 0 0 0 1 1 1 0 0 1 1 1 1 1 0 0 0 0 0 1 1 1 1 0 0 1 0 0 1 0 0 0 0 1 0 0 0 1 0 1 0 1 1 1 0
70 84 -439009851
74 111 -868667743
18 74 -522336097
22 107 -638494622
73 116 -588578234
89 113 -24693215
1 12 -714011303
8 15 -225890739
23 53 -354744043
80 87 -331419723
59 104 -431846147
4 52 -235533240
39 51 -192648766
29 86 -765803595
74 81 -245139199
26 90 -290416422
57 108 -508078552
3 30 -798861939
76 98 -437663327
14 25 -376483248
1 11 -647577044
2 7 -300153196
11 37 -537034327
5 20 -106334744
19 102 -736127257
1 4 -969287531
76 89 -406592056
45 75 -839303629
11 115 -724340462
96 109 -741576167
84 119 -55010104
61 101 -611650873
13 71 -649292688
48 83 -883918113
23 114 -7034632
2 6 -712920906
9 35 -659506886
5 69 -568087115
2 26 -666218145
8 18 -171755392
42 45 -18092142
5 43 -806209481
72 88 -738191633
95 117 -480698632
20 112 -582181953
88 91 -388257408
15 66 -300501611
24 100 -631110345
1 2 -911329567
33 59 -933137790
32 40 -321795308
25 80 -941221464
63 64 -269077797
14 17 -499444772
38 120 -28017551
9 85 -140507981
9 60 -174993294
71 72 -473921796
8 39 -559385762
31 82 -884705644
3 8 -81656936
42 67 -736211891
68 97 -898507648
34 36 -389774628
56 105 -279226384
26 57 -419652061
26 34 -896651193
16 47 -99153171
57 65 -823106029
44 77 -385602368
43 48 -145105366
60 63 -139464945
4 9 -863843587
1 13 -881115976
15 19 -587376313
10 96 -934792343
52 94 -729496934
20 23 -918268251
53 56 -820373756
35 50 -98405562
19 31 -2555004
31 46 -946058520
8 49 -306900856
8 73 -217187329
53 110 -667018858
7 76 -136903558
75 118 -361458869
8 10 -638299332
5 28 -717725546
17 32 -171833545
4 14 -241619888
40 58 -63265554
29 42 -643287175
37 44 -539806116
54 103 -843768269
13 16 -918881736
5 92 -475230820
8 54 -796654269
12 41 -89846226
28 61 -20581507
17 62 -980674440
14 38 -994220671
77 95 -555162313
25 27 -789873843
16 70 -55285008
47 55 -246463509
18 21 -310746006
21 68 -134414476
14 78 -349061390
1 5 -562446436
18 24 -147764090
18 99 -609551718
41 79 -813373607
1 3 -262659344
51 93 -913323192
43 106 -493430571
9 29 -671856936
