1
120 119 90 45
0 0 0 0 0 0 0 0 0 0 0 0 0 0 0 0 0 0 0 0 0 0 0 0 0 0 0 0 0 0 0 0 0 0 0 0 0 0 0 0 0 0 0 0 0 0 0 0 0 0 0 0 0 0 0 0 0 0 0 0 0 0 0 0 0 0 0 0 0 0 0 0 0 0 0 0 0 0 0 0 0 0 0 0 0 0 0 0 0 0 0 0 0 0 0 0 0 0 0 0 0 0 0 0 0 0 0 0 0 0 0 0 0 0 0 0 0 0 0 0
1 1 0 0 0 1 1 0 1 0 1 1 1 1 1 0 0 0 0 0 1 1 1 0 0 1 0 1 0 0 0 1 0 1 1 1 0 0 1 1 1 0 1 1 1 1 0 1 0 0 0 1 1 0 1 0 0 0 0 1 1 1 1 1 1 0 1 1 0 0 0 1 0 0 1 0 1 0 1 0 1 1 1 0 1 1 0 1 1 0 0 0 0 0 0 0 0 1 1 0 1 0 1 0 0 1 1 1 0 1 0 0 0 1 0 1 1 0 1 0
2 3 -299369317
25 71 -561583600
7 34 -795935753
92 95 -318075909
78 103 -938767502
69 115 -471436809
10 41 -744623208
90 99 -582220559
7 87 -545341008
22 76 -204772738
107 113 -886323953
44 45 -27142794
66 91 -294163928
35 53 -183357263
2 17 -768596494
6 67 -945340878
8 12 -178284015
58 63 -675410315
42 81 -327925173
66 72 -377665531
4 7 -4751205
34 55 -43100104
5 16 -406347472
52 58 -217545748
5 37 -233946017
1 30 -554787832
18 107 -142055846
88 116 -866759328
80 93 -435447545
7 43 -82515403
2 29 -445566671
7 8 -994147781
10 48 -775393732
84 86 -305739414
11 51 -682574685
51 85 -343067243
65 114 -961324041
17 68 -628651226
41 42 -482379628
107 117 -125747385
6 36 -826772908
5 10 -161911495
27 64 -246287171
20 23 -606671844
15 22 -829786975
65 73 -690396537
42 62 -474170959
32 110 -547220349
2 4 -403110230
15 47 -942284127
24 112 -951260568
60 80 -47154250
90 92 -764237978
44 105 -234735000
13 18 -986303279
14 27 -91382237
8 11 -217061395
28 33 -728826789
4 52 -113064539
19 28 -970016774
42 49 -639774669
4 5 -828207162
5 25 -683969947
18 24 -667412886
7 15 -824773807
17 65 -97071498
87 102 -64911793
21 59 -341877464
60 109 -721665101
112 118 -792151063
2 79 -60115372
40 44 -122734707
1 21 -655048530
6 69 -170535006
12 84 -37829038
27 46 -890154444
11 26 -40323466
98 108 -354075911
27 83 -117233375
21 111 -595261419
19 57 -994546187
44 106 -163426631
25 89 -595799723
4 20 -987381868
35 70 -262396091
96 101 -901058041
27 31 -667225129
82 96 -724047371
46 100 -643471521
9 19 -698655910
59 88 -94887698
99 120 -239910047
20 78 -815025289
1 6 -956938532
37 97 -518605385
21 40 -133302924
22 66 -404359566
56 61 -266492229
5 13 -727845894
12 35 -751034400
61 82 -643028425
49 60 -626305423
23 39 -106357747
102 119 -815680163
7 98 -944267996
11 94 -696509231
1 2 -516371858
41 56 -973615266
4 14 -487415796
8 9 -332209863
23 90 -197407358
103 104 -914805222
14 32 -7508809
23 77 -86075968
1 54 -869282781
2 38 -208610531
42 74 -874664769
38 75 -941979435
49 50 -426991061
