1
120 119 85 42
-101316645 -270179850 -45432964 -9916363 -142243870 -919829943 -968463846 -320179396 -335156932 -673637274 -416026350 -99401731 -774261929 -82460605 -662177032 -514789245 -670638827 -137175323 -157634420 -562006342 -529834861 -61602363 -488497982 -289488925 -16446426 -359751824 -198225046 -416997206 -437608310 -665540252 -822403101 -853085545 -714366896 -281919020 -457357806 -412315942 -864571029 -328312155 -52834464 -141577002 -510604603 -704755219 -766592770 -864870994 -899083935 -632588106 -758801533 -910847538 -611811597 -533543943 -313827990 -858148125 -113544222 -489805372 -752018891 -341939934 -57093525 -876174755 -575317491 -437315415 -870775343 -547238677 -8854989 -276404578 -555687636 -652789240 -145593836 -149510141 -530787021 -762847027 -356074867 -9506575 -516542735 -171483005 -256218771 -587942371 -771982475 -324047316 -19186430 -380782275 -738656491 -428019571 -522512308 -165053647 -786328948 -277421798 -80107004 -431372854 -27076267 -595501310 -900952036 -748171559 -137540839 -344021565 -151638064 -256917426 -271556042 -172115598 -25784617 -119173964 -298389970 -880532800 -567433520 -427587576 -287438761 -307189027 -294539979 -460063904 -376819346 -599730328 -819253989 -253607945 -322192226 -848345743 -621635353 -755117717 -823323286 -323508942 -319800410 -530288905
1 0 0 1 0 0 1 1 1 1 0 1 1 0 0 0 1 0 1 0 0 1 0 0 0 0 0 0 1 0 0 0 1 0 0 1 0 0 1 0 0 0 1 0 0 1 1 0 0 1 1 1 1 0 0 1 1 0 0 0 0 1 1 1 0 0 1 0 0 1 0 0 0 0 0 0 0 0 0 0 0 0 0 1 1 0 0 0 1 1 1 1 1 1 1 0 0 1 0 0 0 0 0 0 1 0 0 1 0 0 0 0 0 1 1 1 0 0 0 0
22 85 0
18 41 0
47 73 0
1 13 0
3 4 0
1 54 0
3 8 0
78 104 0
18 117 0
29 47 0
44 64 0
42 70 0
28 51 0
1 31 0
11 72 0
38 81 0
38 95 0
102 118 0
12 16 0
27 45 0
18 28 0
1 116 0
34 97 0
21 24 0
8 49 0
13 22 0
2 83 0
4 61 0
1 20 0
10 11 0
27 60 0
36 43 0
24 36 0
12 113 0
4 5 0
5 46 0
53 111 0
18 32 0
35 50 0
63 65 0
14 67 0
22 100 0
1 15 0
8 58 0
6 110 0
88 98 0
43 55 0
12 89 0
1 2 0
6 7 0
1 23 0
1 3 0
9 88 0
25 27 0
11 90 0
31 92 0
42 91 0
6 79 0
11 37 0
49 53 0
44 102 0
1 94 0
7 63 0
50 78 0
10 56 0
2 40 0
36 66 0
16 42 0
54 115 0
63 87 0
15 26 0
65 108 0
9 101 0
21 34 0
5 19 0
2 21 0
14 48 0
3 76 0
26 71 0
35 44 0
89 107 0
36 74 0
5 33 0
40 114 0
3 30 0
49 119 0
26 57 0
10 18 0
19 39 0
13 38 0
4 14 0
55 69 0
39 96 0
4 10 0
61 106 0
47 120 0
4 75 0
8 25 0
67 86 0
33 35 0
50 59 0
59 80 0
24 68 0
57 62 0
8 112 0
5 99 0
39 77 0
12 103 0
5 9 0
51 93 0
49 52 0
9 12 0
60 82 0
18 84 0
11 17 0
54 109 0
5 6 0
2 29 0
9 105 0
