1
200 199 200 100
-119832196 -655120414 -615097300 -481913996 -529547759 -73964915 -882467772 -60091280 -724750202 -880970064 -754030480 -852497919 -966062749 -145429285 -157029661 -587298892 -322320235 -186992913 -174360787 -232186779 -106794270 -262577473 -275100036 -709951240 -288275379 -242792266 -233365084 -262516133 -401751304 -20246042 -833155521 -191544347 -319925859 -146123545 -148825456 -11201102 -850298793 -80173982 -717268190 -689030062 -811256633 -774687648 -528328005 -205068400 -878572879 -191417373 -462700546 -925748275 -609705988 -822740296 -717842459 -583687082 -793341503 -720491212 -190640570 -367747748 -680783806 -202927255 -483960366 -173410033 -400951937 -229525652 -742263135 -877370882 -254110160 -613877720 -399934066 -383874524 -994047695 -636492180 -287449552 -75227245 -460502960 -308620461 -530588951 -813299424 -93741499 -275244528 -118671663 -884017041 -724257449 -127101427 -756142833 -143299963 -716531530 -806677702 -771311682 -822858183 -237868876 -952170946 -983519669 -227929712 -112894129 -72325524 -101087288 -457301774 -691687506 -806260791 -744106134 -592879664 -606430311 -683137672 -312030650 -906267599 -64181202 -483851098 -297976242 -572238490 -514212216 -807621134 -290532463 -754949128 -232083568 -911757729 -114733014 -912740281 -456767542 -517530778 -572096998 -642031571 -262043232 -285338584 -750915795 -903357876 -430272975 -679638856 -25866838 -628282139 -906200380 -559671839 -541647538 -253060039 -695213888 -825231533 -909495387 -83007798 -703695925 -59235548 -573104452 -77434578 -913038562 -677718445 -711681229 -859244071 -2538307 -320927598 -21713742 -259844625 -699706992 -817219641 -134033342 -373047003 -70630500 -530757467 -755972628 -554649852 -133847741 -580929524 -1141821 -858631480 -946889777 -206742785 -104431128 -800728339 -149946172 -342740565 -466389726 -681680891 -588031735 -601585443 -571067692 -519860307 -114453214 -491844649 -385147123 -182724415 -781106671 -399055015 -995780158 -671666659 -5828669 -531318697 -576004971 -180228098 -515676827 -322677607 -844635447 -514690010 -9978099 -66899675 -979705021 -181504540 -737084573 -828887020 -122678505 -957165744 -506935062 -546998881 -325447228 -823802669
0 0 0 1 0 0 0 1 1 0 1 1 1 1 0 0 0 0 1 0 0 1 0 0 1 1 0 1 1 1 1 0 0 0 0 1 1 1 0 0 1 1 0 0 0 0 0 1 0 1 1 0 1 0 1 0 1 1 0 1 0 1 1 0 1 1 0 1 0 0 1 1 0 0 0 0 0 1 1 0 0 0 0 1 0 1 1 1 0 1 1 1 0 0 0 1 0 1 0 1 1 0 1 1 1 1 1 0 0 1 0 0 1 1 1 0 0 0 0 1 1 1 1 0 0 1 1 1 0 0 0 0 1 1 1 0 0 1 0 1 1 1 0 0 1 0 0 0 1 1 1 1 1 0 1 1 0 1 0 0 1 1 1 1 0 0 1 1 1 1 1 0 1 1 1 0 1 0 0 1 1 0 1 0 1 0 0 1 0 0 0 1 0 0 0 0 0 0 0 1
152 153 -26200462
149 150 -645996932
44 45 -785360898
39 40 -925723915
82 83 -45225118
128 129 -47109467
54 55 -533689544
177 178 -781663335
148 149 -759471690
178 179 -524283736
191 192 -77179398
96 97 -880893411
43 44 -316553312
185 186 -61640607
183 184 -474191507
130 131 -980070192
138 139 -503736775
53 54 -27533556
20 21 -425397572
175 176 -420969359
192 193 -441938598
110 111 -939730304
18 19 -574216622
181 182 -31029834
89 90 -781706606
61 62 -186872584
158 159 -52788503
129 130 -231717574
157 158 -492714842
194 195 -477569969
165 166 -414570997
45 46 -295712212
116 117 -600665263
46 47 -86825841
169 170 -747872238
199 200 -34061130
121 122 -756416779
139 140 -706769319
137 138 -877225245
117 118 -315226013
91 92 -497703283
136 137 -99694304
38 39 -154127559
97 98 -638441161
3 4 -666741538
16 17 -362394443
36 37 -204402322
143 144 -608761474
73 74 -317456373
70 71 -954051517
193 194 -342320657
196 197 -194823307
195 196 -931704406
112 113 -676739289
186 187 -618636278
35 36 -898412680
72 73 -612243723
8 9 -419029128
49 50 -142176307
176 177 -918948500
188 189 -516906213
48 49 -361276369
25 26 -782421206
125 126 -417618954
95 96 -358220405
19 20 -359128523
162 163 -918760343
50 51 -805778767
32 33 -477544114
47 48 -200627455
52 53 -231010042
164 165 -440654620
106 107 -324191317
13 14 -944403498
9 10 -203968328
79 80 -925234127
10 11 -954660876
28 29 -290232107
11 12 -455883239
182 183 -603790221
51 52 -638422761
69 70 -319992981
33 34 -416363316
168 169 -340797836
85 86 -396639224
74 75 -93822673
132 133 -22546416
99 100 -718839846
65 66 -212434805
93 94 -506619791
133 134 -501918562
22 23 -254871913
78 79 -569028165
64 65 -775420098
77 78 -128929706
131 132 -460612689
4 5 -308016143
166 167 -63474293
153 154 -187846422
84 85 -563799783
17 18 -575563584
24 25 -849405952
161 162 -397751877
94 95 -481674987
151 152 -240438366
34 35 -44063091
104 105 -508944481
23 24 -67614884
1 2 -273254242
59 60 -58297419
126 127 -367325224
21 22 -139094870
100 101 -796213652
141 142 -39624461
90 91 -932406159
92 93 -476028582
80 81 -949937906
140 141 -786885672
29 30 -885016519
107 108 -96475843
5 6 -839326599
180 181 -691128887
27 28 -4915852
62 63 -405218374
122 123 -791997115
68 69 -464409768
189 190 -292277968
190 191 -596748234
15 16 -342414777
41 42 -997995051
171 172 -858465512
75 76 -322683535
187 188 -504979979
170 171 -616195702
7 8 -268654084
6 7 -329654354
71 72 -58942533
120 121 -602557236
58 59 -652171627
31 32 -187317865
154 155 -901311102
103 104 -401116927
198 199 -975047428
167 168 -840975094
127 128 -252704996
124 125 -823674829
159 160 -878842649
150 151 -137863079
12 13 -341624478
102 103 -432164978
147 148 -321714139
156 157 -21533209
86 87 -844702504
115 116 -852025487
26 27 -893725080
113 114 -457297728
108 109 -831162373
88 89 -879736669
76 77 -567494995
67 68 -631191700
111 112 -738462937
163 164 -271831228
134 135 -713716946
37 38 -308920880
197 198 -765821472
60 61 -831841438
2 3 -195315267
155 156 -437017724
146 147 -596618873
56 57 -901635926
142 143 -45458693
55 56 -253419377
42 43 -489864367
30 31 -27127991
145 146 -690472158
160 161 -4218291
14 15 -484102340
184 185 -808155136
40 41 -414007511
98 99 -680115472
114 115 -536389487
63 64 -712619063
135 136 -745059194
105 106 -537900642
83 84 -286245461
66 67 -471652159
144 145 -142869096
118 119 -593338991
172 173 -498593975
119 120 -43767984
179 180 -637675786
123 124 -405466812
101 102 -172616414
57 58 -665384796
174 175 -156262983
109 110 -249165675
87 88 -979739904
173 174 -485288646
81 82 -93251436
