1
200 199 200 100
-778781591 -658721486 -795386240 -925840530 -516079257 -861388195 -687995388 -251330917 -786026225 -613450803 -506442635 -92763011 -783871362 -332365723 -10101762 -65755438 -104394937 -947195265 -442926351 -960981025 -875541261 -473076284 -696560824 -356662378 -971658839 -853105692 -376350507 -922573765 -413041180 -478765014 -656390567 -406979899 -508582158 -677361331 -497386596 -73139343 -53770842 -905339441 -101360964 -43907718 -995799668 -392004493 -982079164 -995881733 -533323604 -117071965 -738436862 -875147228 -275960504 -985588927 -201419436 -746790775 -623702435 -469293233 -108805136 -901163963 -675545880 -3194580 -595822770 -142139628 -936208686 -882091039 -919548867 -631447878 -639456549 -716214849 -283588880 -851015368 -436858032 -852799666 -529288214 -703415003 -806152681 -244162573 -711214876 -201170731 -136024169 -149389626 -732207627 -540681018 -812651002 -3602803 -727843549 -34543159 -700944121 -536531724 -829938104 -96730136 -171597450 -899013080 -761563929 -490152530 -626193063 -742843506 -93295036 -573350252 -432701826 -942376813 -924984016 -232538005 -89890182 -313040270 -172499951 -258988844 -299589018 -500996379 -331400019 -790765724 -358403359 -343602182 -373857831 -316722841 -141530526 -940598338 -775666760 -136451957 -929762689 -601024307 -312918285 -367120829 -922826971 -79604326 -310386704 -872716982 -700322828 -561997773 -108075879 -799952404 -950112148 -608569328 -162427309 -856235767 -738792369 -807562686 -17512981 -8464028 -951012054 -859532807 -218117004 -6980824 -867918995 -440987038 -679624308 -865809397 -447804412 -441768479 -948586994 -796572059 -957637834 -761340177 -894628138 -933965435 -752962906 -208933062 -548678331 -413045612 -80599323 -59799023 -299339776 -276020564 -879881075 -333648045 -988188590 -469590496 -555251464 -125977311 -669214956 -913425243 -452500618 -539224933 -297635525 -504371753 -870341458 -39107059 -963054199 -622920054 -771852778 -177106796 -625753788 -611192579 -977995534 -95832180 -431553269 -614591724 -645971016 -108965384 -267100354 -988341948 -204683801 -720757803 -343671918 -216824251 -46499834 -299646530 -97462741 -249848524 -33081031 -453371220 -813957052 -531513292
0 0 1 1 0 1 1 1 0 0 1 1 0 0 0 1 0 1 1 0 0 1 0 0 0 0 1 1 1 0 1 0 0 1 1 0 0 0 1 1 1 0 1 0 0 1 0 1 1 1 0 0 1 1 0 1 1 1 0 0 0 1 1 0 0 0 0 1 0 1 1 1 0 1 0 0 0 1 1 1 0 0 0 1 0 1 1 0 1 1 0 1 1 1 1 0 0 0 1 1 0 1 1 0 1 1 0 1 1 0 0 0 0 0 1 1 1 1 1 1 0 0 0 1 1 1 0 0 0 0 0 1 1 0 0 1 0 0 0 1 0 1 1 0 1 1 1 0 0 0 1 0 0 0 1 1 1 0 0 0 1 1 1 0 0 1 1 0 0 1 1 0 0 1 1 0 1 1 0 0 0 1 1 0 0 1 0 1 0 1 0 1 0 0 0 1 1 0 1 1
1 26 -168793211
1 184 -687998370
1 22 -283962789
1 190 -44044779
1 106 -791026839
1 136 -174210358
1 14 -609395595
1 178 -690469859
1 193 -616679279
1 146 -224141166
1 21 -74354923
1 103 -45662579
1 189 -16771167
1 31 -704143524
1 24 -765469455
1 144 -846626565
1 192 -569145629
1 77 -262275316
1 104 -946948197
1 75 -676607135
1 167 -20631803
1 19 -60545462
1 36 -668909031
1 71 -664026377
1 16 -811539341
1 20 -410240708
1 175 -469726464
1 149 -759743725
1 148 -347744084
1 39 -818882948
1 4 -284237074
1 174 -438347019
1 165 -366082739
1 123 -834464236
1 37 -876878994
1 141 -44288028
1 57 -978566322
1 179 -416122067
1 72 -946116729
1 28 -839855664
1 182 -359072842
1 157 -642728144
1 105 -581008400
1 186 -677627779
1 82 -28881660
1 139 -392094120
1 199 -775744393
1 166 -753887349
1 13 -54079916
1 113 -975991776
1 172 -600496057
1 169 -609101919
1 135 -413948153
1 153 -681593026
1 97 -58930215
1 45 -155425217
1 65 -786646310
1 107 -479634581
1 95 -497151030
1 2 -559527195
1 80 -413374823
1 92 -320612587
1 35 -371620798
1 25 -192427838
1 185 -576506968
1 164 -852959959
1 154 -85018505
1 32 -148509962
1 83 -413152436
1 115 -716066924
1 29 -254505662
1 54 -829133983
1 47 -121265821
1 23 -7765908
1 43 -203356529
1 68 -286651597
1 18 -786762490
1 87 -818482707
1 121 -301267531
1 96 -22069449
1 60 -893793898
1 3 -861889473
1 118 -926560692
1 160 -249317329
1 88 -525986859
1 85 -732087232
1 110 -680330500
1 128 -543870397
1 143 -541091676
1 200 -758011869
1 8 -987897788
1 116 -273114194
1 108 -674085255
1 61 -575463813
1 181 -866490641
1 127 -316863096
1 156 -830984147
1 58 -85379205
1 140 -659079155
1 41 -877761683
1 67 -118699118
1 74 -390130748
1 119 -34535783
1 40 -994538707
1 44 -584901302
1 63 -201604985
1 137 -614059932
1 126 -545300968
1 76 -439638298
1 142 -770487508
1 98 -662986207
1 155 -551501804
1 100 -192095604
1 33 -349538634
1 132 -944738464
1 197 -102889018
1 79 -251269571
1 147 -844704039
1 194 -846399169
1 102 -491780480
1 49 -883056302
1 30 -627036753
1 73 -873536744
1 50 -131717237
1 134 -443448738
1 198 -956080904
1 168 -87662467
1 191 -629877369
1 131 -714904509
1 125 -269428494
1 114 -615929834
1 89 -848275141
1 124 -420254363
1 122 -491998578
1 84 -592682970
1 51 -909287932
1 55 -160554045
1 111 -398057909
1 90 -135378883
1 159 -193289930
1 59 -426632871
1 112 -938776501
1 180 -330285176
1 130 -188210617
1 64 -650509159
1 196 -894165207
1 91 -510919846
1 69 -185485095
1 163 -532568841
1 42 -88531683
1 152 -532739957
1 117 -35643696
1 94 -534228228
1 70 -861015430
1 48 -293897949
1 7 -78920705
1 66 -371988680
1 173 -1706851
1 6 -311390342
1 188 -981502568
1 17 -648035291
1 12 -771234749
1 9 -299478161
1 15 -229276051
1 56 -799728288
1 176 -857465846
1 158 -116862360
1 86 -663696429
1 145 -636035348
1 27 -548316143
1 129 -552467600
1 52 -281051628
1 133 -154309589
1 38 -847773542
1 5 -23720737
1 10 -28272405
1 99 -851039573
1 171 -892232561
1 150 -339991551
1 62 -569784756
1 120 -143471376
1 34 -868330315
1 78 -824675391
1 161 -383865480
1 177 -171010556
1 195 -49501187
1 109 -173313924
1 187 -302773409
1 81 -796104097
1 53 -327904726
1 162 -8449499
1 101 -707897845
1 11 -766209191
1 93 -216540407
1 46 -292747729
1 183 -758337728
1 151 -513473332
1 170 -617363020
1 138 -2404998
