1
200 199 200 0
-96328558 -890686943 -415470981 -604911095 -661661234 -395004886 -213519978 -468123619 -889927516 -22647925 -533289934 -738402941 -3480306 -439683139 -370965360 -948840968 -372705932 -388769763 -448489228 -761604006 -868117650 -87857522 -649587385 -305248662 -728309984 -829299859 -415179797 -353859852 -896221212 -706194164 -785987508 -251663151 -763430489 -723281427 -652422414 -407693545 -565051094 -428480016 -837344797 -704422007 -951544653 -274193036 -233013916 -37598952 -943218120 -488397650 -81118807 -649773045 -265090066 -523087294 -951566676 -89845384 -786768932 -117780372 -587384459 -25426054 -854547947 -591670587 -643770150 -59431658 -297492035 -943925624 -137726983 -229625904 -742418811 -206163542 -319455628 -138391466 -691488162 -568728395 -246674149 -688895378 -802190123 -989489500 -652132468 -388424455 -777763567 -601457014 -981002446 -732895174 -27822525 -478585309 -903149143 -437112665 -439296472 -969516349 -239191970 -876426524 -360640180 -35753975 -857280447 -339261031 -617026714 -348399313 -575483506 -162279972 -825608139 -512155579 -769212944 -941961963 -21425863 -92702407 -188317163 -66837732 -427226778 -50467341 -441586627 -678625020 -543037562 -750412250 -570227796 -302955740 -614697082 -952348567 -543297501 -647683050 -53782857 -892536370 -439815537 -171322560 -608442901 -220009411 -233909421 -868363957 -192725049 -703438852 -242920529 -720106311 -118406336 -959209112 -944337468 -517195089 -466960763 -647233846 -314795018 -304523302 -997022573 -200304310 -93457615 -389251846 -115903853 -802163716 -448810351 -590107223 -529097000 -456930607 -325700575 -248039676 -535837179 -533586664 -496767939 -921933634 -579025680 -223833490 -604547301 -17473571 -417272982 -431768402 -322578256 -456204837 -94281757 -815265565 -806465049 -553263453 -391254855 -405059450 -292172633 -665762745 -677316475 -248401228 -855923897 -717805531 -349563680 -503928350 -220166587 -318244384 -237883346 -851466631 -809316447 -601791478 -737918476 -647188858 -928265733 -580770724 -50842204 -24738313 -936780229 -321064857 -489332570 -110232319 -423444201 -374859203 -273162033 -959073724 -849062164 -907427917 -211547641 -547405160 -547265051 -762149863
1 1 1 1 0 0 1 1 0 1 1 1 0 1 0 1 1 0 0 1 0 1 1 0 1 1 0 1 1 0 1 0 1 1 1 1 1 1 0 1 0 0 1 1 0 1 0 0 1 0 1 0 1 1 1 0 1 1 1 1 0 0 1 1 1 1 1 1 1 0 1 1 1 1 1 1 0 1 1 1 1 0 1 1 0 0 1 1 0 0 1 1 0 1 1 0 1 1 0 0 0 0 1 0 1 1 0 0 0 1 1 1 0 0 0 0 1 1 1 0 1 0 1 0 0 1 0 1 1 1 1 1 1 1 1 1 1 1 0 1 1 0 1 1 1 1 1 1 0 0 1 0 1 1 0 0 0 1 0 0 1 1 0 1 1 1 0 1 1 1 1 1 0 1 0 0 1 1 0 0 1 1 0 1 1 1 1 1 1 0 0 1 1 1 1 0 1 0 1 0
84 153 -797965564
1 183 -868600294
64 100 -621576675
41 42 -586444493
140 193 -438057139
3 4 -799526439
40 148 -806441123
32 39 -805389723
19 44 -507957707
95 102 -580446719
81 123 -42660476
64 94 -562914398
56 90 -116043613
8 36 -529096330
101 168 -198505790
2 3 -556021978
18 71 -449598052
126 165 -975678096
15 29 -810681920
14 142 -643718054
26 27 -378384962
58 96 -477933012
47 48 -966156624
19 145 -871746225
63 189 -921959527
143 178 -156034880
62 181 -281574335
5 9 -738109067
32 174 -468849961
21 136 -352415500
160 195 -994492294
14 17 -635230034
74 185 -291777525
15 81 -811002585
66 197 -987491411
31 52 -995016993
37 82 -20665274
21 38 -467002324
46 53 -79096038
65 122 -817295312
14 19 -89002773
105 156 -277652393
53 91 -383634177
75 155 -35610917
46 73 -841795087
110 124 -506182389
14 107 -447582715
130 157 -801567544
35 58 -725974458
37 83 -635615699
116 173 -173757710
145 150 -596717647
51 177 -652412229
25 43 -268924973
9 26 -683299351
6 149 -244739981
164 192 -944030793
41 50 -779933915
5 65 -364584264
97 119 -165225522
52 146 -578494270
46 130 -301288495
63 167 -327096986
13 99 -355558057
60 115 -969747946
73 95 -193804079
31 56 -104644313
46 51 -141919979
87 139 -843891032
45 80 -713718351
27 117 -175579154
39 67 -166772239
10 30 -962350771
12 18 -677696856
100 187 -302506592
26 112 -301051686
11 21 -11978632
76 116 -205418969
25 28 -167889599
89 166 -176278620
8 70 -901875819
91 118 -774451116
107 129 -899166371
50 54 -891389926
98 196 -182027909
85 88 -939733932
113 170 -570883640
152 160 -160913141
50 147 -558402854
88 125 -888484144
1 2 -513679801
24 41 -500903304
37 131 -677130880
5 62 -923064479
99 186 -337731107
23 87 -47292663
2 55 -438945086
13 63 -868925375
18 25 -395922829
100 137 -590033500
27 49 -394024495
1 11 -730619808
22 108 -633550532
50 78 -268747906
15 23 -526861470
7 12 -740887996
13 132 -155650504
26 126 -863340181
91 175 -681934920
5 6 -702357361
49 159 -334059253
88 128 -235772534
44 72 -46459525
4 7 -42493487
25 59 -283585996
154 184 -788565144
37 84 -729602124
43 47 -914520148
54 161 -688887073
5 31 -913419754
1 92 -893629938
1 10 -825169425
87 140 -479069171
170 171 -724842924
48 66 -196307823
22 169 -645599136
41 45 -537546568
5 8 -577717918
43 111 -711902842
60 77 -373266781
23 93 -247127994
14 15 -357562079
78 138 -822476279
23 33 -948249026
68 200 -606962394
11 14 -524054758
63 86 -631596266
170 172 -569336416
171 190 -478745001
21 199 -897190875
56 152 -371215959
31 120 -485511080
30 35 -48435828
36 121 -821205451
80 89 -43627970
12 22 -817847475
12 24 -153661873
12 198 -861276997
22 75 -940356523
96 191 -159500669
108 114 -944553207
56 60 -546517095
13 46 -862668076
97 135 -86081633
15 104 -756967291
157 163 -258008498
65 101 -245695005
2 151 -45998592
40 68 -930271182
3 194 -233369685
129 143 -626125747
11 103 -309424840
21 109 -838964257
61 113 -398302929
5 154 -130696885
141 164 -598600868
85 105 -869029785
151 176 -443161232
6 34 -849908361
23 40 -594636948
28 57 -688164692
35 180 -785014745
107 158 -768098602
63 127 -542804154
19 37 -596941692
1 5 -476828452
5 13 -848467747
11 20 -510654148
15 16 -49389598
121 182 -493853149
23 69 -277913693
42 79 -82256239
65 179 -317824033
36 188 -571728689
12 141 -274529507
74 106 -451387888
44 61 -530852137
18 97 -696497102
28 74 -549470124
57 134 -835426783
108 144 -335718293
7 162 -704795763
68 76 -631294850
43 110 -674589112
74 85 -439227757
12 32 -188996039
9 64 -540670446
67 133 -332948486
22 98 -291853672
