1
200 199 200 100
-1000000000 -1000000000 -1000000000 -1000000000 -1000000000 -1000000000 -1000000000 -1000000000 -1000000000 -1000000000 -1000000000 -1000000000 -1000000000 -1000000000 -1000000000 -1000000000 -1000000000 -1000000000 -1000000000 -1000000000 -1000000000 -1000000000 -1000000000 -1000000000 -1000000000 -1000000000 -1000000000 -1000000000 -1000000000 -1000000000 -1000000000 -1000000000 -1000000000 -1000000000 -1000000000 -1000000000 -1000000000 -1000000000 -1000000000 -1000000000 -1000000000 -1000000000 -1000000000 -1000000000 -1000000000 -1000000000 -1000000000 -1000000000 -1000000000 -1000000000 -1000000000 -1000000000 -1000000000 -1000000000 -1000000000 -1000000000 -1000000000 -1000000000 -1000000000 -1000000000 -1000000000 -1000000000 -1000000000 -1000000000 -1000000000 -1000000000 -1000000000 -1000000000 -1000000000 -1000000000 -1000000000 -1000000000 -1000000000 -1000000000 -1000000000 -1000000000 -1000000000 -1000000000 -1000000000 -1000000000 -1000000000 -1000000000 -1000000000 -1000000000 -1000000000 -1000000000 -1000000000 -1000000000 -1000000000 -1000000000 -1000000000 -1000000000 -1000000000 -1000000000 -1000000000 -1000000000 -1000000000 -1000000000 -1000000000 -1000000000 -1000000000 -1000000000 -1000000000 -1000000000 -1000000000 -1000000000 -1000000000 -1000000000 -1000000000 -1000000000 -1000000000 -1000000000 -1000000000 -1000000000 -1000000000 -1000000000 -1000000000 -1000000000 -1000000000 -1000000000 -1000000000 -1000000000 -1000000000 -1000000000 -1000000000 -1000000000 -1000000000 -1000000000 -1000000000 -1000000000 -1000000000 -1000000000 -1000000000 -1000000000 -1000000000 -1000000000 -1000000000 -1000000000 -1000000000 -1000000000 -1000000000 -1000000000 -1000000000 -1000000000 -1000000000 -1000000000 -1000000000 -1000000000 -1000000000 -1000000000 -1000000000 -1000000000 -1000000000 -1000000000 -1000000000 -1000000000 -1000000000 -1000000000 -1000000000 -1000000000 -1000000000 -1000000000 -1000000000 -1000000000 -1000000000 -1000000000 -1000000000 -1000000000 -1000000000 -1000000000 -1000000000 -1000000000 -1000000000 -1000000000 -1000000000 -1000000000 -1000000000 -1000000000 -1000000000 -1000000000 -1000000000 -1000000000 -1000000000 -1000000000 -1000000000 -1000000000 -1000000000 -1000000000 -1000000000 -1000000000 -1000000000 -1000000000 -1000000000 -1000000000 -1000000000 -1000000000 -1000000000 -1000000000 -1000000000 -1000000000
0 1 0 0 0 0 0 1 0 1 1 0 1 1 0 1 0 0 0 1 0 1 1 1 0 0 0 1 1 1 0 1 1 1 1 0 1 1 0 1 0 1 1 1 1 1 1 1 1 0 1 1 1 1 0 0 0 1 1 0 1 0 1 0 1 0 1 1 1 0 0 0 1 1 0 0 1 1 0 1 1 0 1 1 0 0 1 0 1 1 0 1 0 0 1 1 1 0 1 1 0 1 1 0 0 0 0 0 0 1 0 1 0 0 0 0 0 1 1 1 0 0 1 1 0 0 0 0 1 0 0 0 0 0 0 1 0 0 1 0 0 1 0 0 1 0 0 1 1 0 1 0 1 0 1 1 1 0 0 0 1 0 0 1 1 0 0 0 1 0 0 1 0 1 1 1 0 1 0 1 1 0 1 1 1 1 0 0 1 1 1 1 1 0 0 0 0 0 1 0
4 185 -1000000000
44 79 -1000000000
5 82 -1000000000
108 193 -1000000000
5 7 -1000000000
97 100 -1000000000
45 172 -1000000000
48 122 -1000000000
9 58 -1000000000
50 88 -1000000000
42 87 -1000000000
55 148 -1000000000
31 102 -1000000000
9 28 -1000000000
4 69 -1000000000
85 157 -1000000000
9 37 -1000000000
29 80 -1000000000
28 52 -1000000000
121 191 -1000000000
103 108 -1000000000
54 75 -1000000000
21 53 -1000000000
68 76 -1000000000
42 152 -1000000000
29 34 -1000000000
1 2 -1000000000
27 189 -1000000000
133 155 -1000000000
40 49 -1000000000
42 66 -1000000000
13 18 -1000000000
8 20 -1000000000
11 61 -1000000000
28 54 -1000000000
6 17 -1000000000
21 59 -1000000000
146 153 -1000000000
27 107 -1000000000
87 169 -1000000000
57 67 -1000000000
155 166 -1000000000
24 126 -1000000000
25 74 -1000000000
47 96 -1000000000
16 42 -1000000000
87 94 -1000000000
83 90 -1000000000
25 55 -1000000000
16 25 -1000000000
14 178 -1000000000
18 110 -1000000000
9 21 -1000000000
41 109 -1000000000
66 133 -1000000000
2 30 -1000000000
11 12 -1000000000
43 128 -1000000000
60 123 -1000000000
186 188 -1000000000
110 136 -1000000000
29 72 -1000000000
60 86 -1000000000
136 175 -1000000000
59 112 -1000000000
146 192 -1000000000
7 50 -1000000000
45 91 -1000000000
13 135 -1000000000
32 144 -1000000000
62 104 -1000000000
29 48 -1000000000
41 117 -1000000000
77 139 -1000000000
4 93 -1000000000
37 168 -1000000000
93 196 -1000000000
89 95 -1000000000
22 23 -1000000000
111 118 -1000000000
86 156 -1000000000
71 138 -1000000000
80 183 -1000000000
43 186 -1000000000
86 120 -1000000000
42 45 -1000000000
27 97 -1000000000
19 64 -1000000000
37 46 -1000000000
3 101 -1000000000
117 131 -1000000000
69 145 -1000000000
2 5 -1000000000
6 85 -1000000000
91 92 -1000000000
160 174 -1000000000
101 106 -1000000000
83 150 -1000000000
130 163 -1000000000
23 151 -1000000000
98 160 -1000000000
112 121 -1000000000
30 65 -1000000000
16 29 -1000000000
112 147 -1000000000
70 84 -1000000000
21 129 -1000000000
17 40 -1000000000
24 44 -1000000000
56 68 -1000000000
1 15 -1000000000
23 31 -1000000000
3 198 -1000000000
28 32 -1000000000
19 39 -1000000000
45 162 -1000000000
100 125 -1000000000
22 27 -1000000000
71 83 -1000000000
33 115 -1000000000
33 177 -1000000000
22 33 -1000000000
35 116 -1000000000
13 43 -1000000000
41 71 -1000000000
8 19 -1000000000
109 143 -1000000000
99 142 -1000000000
9 70 -1000000000
27 140 -1000000000
15 16 -1000000000
26 73 -1000000000
18 38 -1000000000
159 199 -1000000000
32 36 -1000000000
86 164 -1000000000
175 182 -1000000000
56 63 -1000000000
9 173 -1000000000
10 13 -1000000000
14 176 -1000000000
97 113 -1000000000
50 181 -1000000000
4 47 -1000000000
86 98 -1000000000
136 200 -1000000000
107 119 -1000000000
25 35 -1000000000
103 179 -1000000000
17 22 -1000000000
85 99 -1000000000
109 167 -1000000000
76 154 -1000000000
109 146 -1000000000
160 187 -1000000000
1 8 -1000000000
8 9 -1000000000
117 141 -1000000000
34 51 -1000000000
8 41 -1000000000
3 14 -1000000000
15 105 -1000000000
55 57 -1000000000
5 26 -1000000000
8 197 -1000000000
19 24 -1000000000
33 194 -1000000000
60 89 -1000000000
71 171 -1000000000
36 77 -1000000000
125 149 -1000000000
17 124 -1000000000
29 62 -1000000000
137 190 -1000000000
33 81 -1000000000
3 11 -1000000000
154 161 -1000000000
84 159 -1000000000
32 134 -1000000000
57 114 -1000000000
7 10 -1000000000
17 111 -1000000000
2 3 -1000000000
35 60 -1000000000
28 165 -1000000000
38 78 -1000000000
71 127 -1000000000
3 4 -1000000000
90 103 -1000000000
110 132 -1000000000
51 180 -1000000000
4 56 -1000000000
75 184 -1000000000
14 137 -1000000000
1 6 -1000000000
191 195 -1000000000
124 130 -1000000000
28 158 -1000000000
98 170 -1000000000
