1
200 199 180 90
0 0 0 0 0 0 0 0 0 0 0 0 0 0 0 0 0 0 0 0 0 0 0 0 0 0 0 0 0 0 0 0 0 0 0 0 0 0 0 0 0 0 0 0 0 0 0 0 0 0 0 0 0 0 0 0 0 0 0 0 0 0 0 0 0 0 0 0 0 0 0 0 0 0 0 0 0 0 0 0 0 0 0 0 0 0 0 0 0 0 0 0 0 0 0 0 0 0 0 0 0 0 0 0 0 0 0 0 0 0 0 0 0 0 0 0 0 0 0 0 0 0 0 0 0 0 0 0 0 0 0 0 0 0 0 0 0 0 0 0 0 0 0 0 0 0 0 0 0 0 0 0 0 0 0 0 0 0 0 0 0 0 0 0 0 0 0 0 0 0 0 0 0 0 0 0 0 0 0 0 0 0 0 0 0 0 0 0 0 0 0 0 0 0 0 0 0 0 0 0
0 1 1 0 0 1 1 1 1 1 0 1 0 1 0 0 0 0 0 1 0 1 0 0 0 0 1 0 0 0 0 0 1 0 1 0 0 1 0 0 0 0 0 1 1 1 1 1 0 1 1 0 1 0 0 1 1 0 0 1 0 0 1 0 0 1 0 1 1 0 0 0 0 1 0 1 0 0 0 1 1 1 0 1 0 1 0 0 0 0 1 1 0 0 1 0 0 1 1 0 1 0 1 0 1 1 0 1 1 0 1 0 1 0 0 0 1 1 1 1 1 1 1 0 0 0 0 0 1 1 0 1 1 1 1 0 1 0 0 1 0 1 1 1 1 0 0 1 0 0 0 1 0 0 0 0 0 0 0 0 1 0 1 0 0 1 1 0 1 0 1 0 1 0 0 1 0 1 1 0 1 1 0 0 1 1 0 0 0 0 1 0 1 1 1 0 1 0 0 0
9 120 -209883260
31 37 -762052801
10 136 -749536250
88 143 -421554290
72 178 -671802881
27 100 -258108115
25 148 -913638996
4 8 -610457467
44 111 -959567972
157 171 -378315096
63 109 -125776300
95 195 -23754519
78 156 -626067138
27 56 -198600334
10 70 -698747176
37 107 -778716432
29 39 -863281089
76 98 -594917848
3 7 -741958964
17 21 -739420504
20 142 -231740890
98 121 -659563211
158 170 -721764442
3 6 -989436639
54 157 -645571486
19 40 -115469785
40 139 -540767374
3 179 -628416685
3 4 -166905905
34 114 -982704839
4 11 -306901580
18 63 -810192761
28 65 -361211418
67 122 -652230352
38 198 -461517070
8 18 -378290177
141 182 -182079928
153 161 -47567081
6 9 -522738667
28 159 -409831935
1 3 -617702648
45 91 -751059754
41 78 -423661028
20 41 -470182401
12 17 -598076814
44 76 -751145008
35 94 -570225153
81 123 -721211647
31 49 -590779679
71 81 -800639758
4 53 -529931368
4 5 -334349720
69 95 -792338412
6 30 -202110764
26 46 -54694986
11 24 -677210702
12 89 -647577861
11 197 -350500341
75 153 -950338438
145 180 -832672129
10 83 -719425501
23 71 -340172153
21 32 -480637411
86 132 -218472975
14 99 -156053980
53 185 -458504237
36 113 -938372472
11 31 -161046550
27 28 -454238510
48 52 -795007960
168 169 -783865015
30 73 -594098941
67 102 -340341167
76 196 -886400007
61 168 -542047074
30 38 -966691344
34 128 -974470041
11 144 -622482058
39 57 -378683179
89 104 -359376673
144 181 -327722208
61 80 -511405519
13 15 -918140185
8 155 -533011136
107 115 -886847613
46 50 -546590795
24 149 -176794269
117 133 -205413238
41 193 -329471143
31 172 -176215808
50 84 -627140946
93 124 -854084014
47 108 -104960491
101 188 -378774816
111 186 -967390702
6 176 -770840546
37 126 -252259884
26 147 -396795172
71 87 -200422731
169 189 -993223804
37 110 -466413833
66 160 -337483481
81 103 -733857274
133 165 -405109656
163 199 -318990800
3 12 -671251468
112 127 -187082317
49 60 -531142395
5 88 -982395435
32 77 -253352980
15 34 -782104596
21 29 -531895848
13 42 -975835980
1 194 -796272335
48 54 -378143075
8 20 -458798115
112 117 -325565340
156 175 -57054065
21 26 -583245757
124 140 -419695094
18 167 -634961184
97 164 -519584355
39 93 -397226423
73 152 -127719789
164 166 -462997538
125 190 -955094121
37 75 -460943810
62 82 -28130694
29 67 -343296042
4 163 -47444492
14 58 -349205603
32 129 -133138115
68 192 -13445894
38 62 -309170543
3 145 -323917575
50 55 -856953460
5 35 -546478033
30 36 -154432350
66 85 -599168217
2 10 -332569246
58 64 -70373653
7 44 -456098965
2 33 -691031173
12 16 -172687724
32 131 -57414271
23 86 -512318509
156 173 -478626646
41 184 -512276842
19 191 -134412601
47 130 -42650688
17 22 -581455024
27 79 -106298487
24 47 -365744098
43 51 -273417734
9 162 -366686818
58 72 -596800106
1 14 -998238100
31 138 -630062779
79 118 -650077919
103 119 -80315547
52 97 -979281987
155 174 -643548354
38 66 -915615769
150 151 -562332650
30 137 -869441288
7 146 -670765559
1 2 -894603460
51 68 -265138970
21 101 -917411824
74 112 -819674561
1 69 -788457121
1 74 -855955336
34 61 -63489730
4 23 -913143474
66 125 -549289048
21 43 -637071316
59 154 -455998806
94 141 -837680535
27 59 -944031978
7 27 -822371003
13 106 -594690946
85 183 -890744054
7 45 -335993727
10 19 -532462800
30 92 -609942514
175 177 -252003406
51 105 -710378065
135 187 -592192237
90 135 -835568682
30 48 -18089869
41 150 -506270769
34 96 -938219779
3 25 -372902426
48 158 -442950179
42 90 -698615008
19 134 -453636564
6 13 -435513746
1 116 -587484397
14 200 -401083225
