1
200 199 180 90
-57058508 -54583673 -205835341 -861090340 -934996776 -391449265 -642340036 -769081746 -625305447 -680172046 -283004936 -240022709 -527676949 -359521008 -66386123 -163023707 -694229827 -46264139 -382405630 -548658644 -811129395 -557828356 -173182281 -835063001 -761807698 -838354941 -229590709 -412733832 -662806930 -448522026 -680649159 -166510362 -118069452 -63292458 -247138677 -333894057 -363471342 -285983197 -708994892 -528483246 -633113996 -821003483 -635896765 -363325411 -328053221 -789439672 -393478468 -246276164 -621491860 -302585169 -567798066 -118753361 -922300260 -750645972 -1973973 -370952989 -127796942 -873034510 -391967669 -9537263 -911830551 -644080506 -675307773 -376082548 -482051010 -272507084 -814267382 -26853679 -593481860 -447145439 -192075179 -280431178 -509882783 -637578708 -538144311 -413833714 -976489107 -266719666 -775764698 -696772506 -568687209 -134232251 -418634150 -636779484 -284629087 -221895743 -187302479 -637290609 -95948342 -94990196 -949507741 -427775275 -671119246 -203457033 -517074338 -236648783 -719846887 -472632799 -704033291 -476567666 -43959910 -76976074 -95801948 -203375255 -653758948 -554728965 -822405763 -329247813 -647352016 -743873219 -278260622 -130192966 -73667707 -950290157 -725835292 -214990698 -239250035 -430156871 -249893045 -757541240 -645227730 -67230800 -483485131 -646491408 -575775389 -401470787 -538403672 -854879007 -656490406 -787551093 -429007111 -177108708 -779443483 -454310035 -914166430 -229414260 -473782746 -474794450 -293701155 -670414689 -816573230 -65221388 -111297135 -748007009 -623287241 -912416635 -559965933 -246950360 -966212926 -759582569 -393504734 -894506420 -659978823 -689117877 -396781772 -491968383 -364017925 -411977081 -629266735 -971906275 -821360096 -735279383 -877292263 -889890818 -358531315 -398323245 -361846429 -288884701 -484219382 -362315634 -793590021 -796234225 -363666248 -523577147 -149724655 -887294775 -11732417 -683959392 -677812818 -487612738 -6224597 -470578502 -525497929 -257676693 -762248612 -841560888 -234994852 -626986867 -905895592 -405857154 -645388130 -104893654 -924613907 -20282547 -335031385 -498059124 -562465066 -815011359 -824615002 -817885836
1 0 1 0 1 1 0 0 1 0 0 0 1 1 0 0 1 1 0 1 1 0 1 0 0 1 0 0 1 0 1 1 1 0 1 0 0 0 0 1 0 1 1 0 0 1 0 1 0 1 1 1 0 1 0 0 1 1 0 1 0 1 0 0 0 1 1 0 1 1 1 0 1 0 1 0 1 0 0 0 1 1 0 1 1 0 0 0 1 0 0 0 1 0 1 0 1 1 0 0 1 0 1 1 0 1 1 1 1 1 0 1 1 0 1 0 1 1 1 0 1 1 0 1 0 1 0 1 1 0 0 0 0 1 0 1 1 1 0 1 0 0 0 1 1 0 1 1 1 1 0 1 1 1 1 1 1 1 1 1 1 0 1 0 1 1 1 1 0 1 1 1 1 0 0 0 0 0 0 0 1 1 0 1 1 0 1 0 1 1 0 0 0 1 1 1 1 0 0 1
10 25 0
35 41 0
4 21 0
8 52 0
19 49 0
56 72 0
76 156 0
68 75 0
2 110 0
111 116 0
36 87 0
102 179 0
25 150 0
119 138 0
8 92 0
64 68 0
80 131 0
3 4 0
7 73 0
47 145 0
134 171 0
40 83 0
92 97 0
9 34 0
59 147 0
11 22 0
53 108 0
50 180 0
81 167 0
50 178 0
17 85 0
7 10 0
18 29 0
70 165 0
56 98 0
52 70 0
129 139 0
22 94 0
73 166 0
15 16 0
97 194 0
1 2 0
45 99 0
7 13 0
16 163 0
19 63 0
29 109 0
6 37 0
14 123 0
42 105 0
3 44 0
83 88 0
54 104 0
74 161 0
135 170 0
1 149 0
1 71 0
104 122 0
32 199 0
65 67 0
91 93 0
111 125 0
70 195 0
57 100 0
84 198 0
66 96 0
106 176 0
19 59 0
11 196 0
16 36 0
80 172 0
97 197 0
11 89 0
89 124 0
93 175 0
74 153 0
47 132 0
34 114 0
12 30 0
31 130 0
86 168 0
34 129 0
30 136 0
25 187 0
136 157 0
66 127 0
25 188 0
14 19 0
61 126 0
13 191 0
103 135 0
61 193 0
10 183 0
25 46 0
36 79 0
73 77 0
46 90 0
46 95 0
9 137 0
1 28 0
142 160 0
4 55 0
9 144 0
31 82 0
17 40 0
27 31 0
128 158 0
45 64 0
60 84 0
43 47 0
4 33 0
56 120 0
85 102 0
1 80 0
13 18 0
2 3 0
1 74 0
29 119 0
4 11 0
8 111 0
84 112 0
109 117 0
58 107 0
52 200 0
46 86 0
66 76 0
2 17 0
179 192 0
6 9 0
22 32 0
40 152 0
60 121 0
91 189 0
3 162 0
24 27 0
130 134 0
2 5 0
65 186 0
142 143 0
4 7 0
89 128 0
23 26 0
7 56 0
20 24 0
13 14 0
63 155 0
8 43 0
30 35 0
172 184 0
26 78 0
56 58 0
7 12 0
6 146 0
77 118 0
83 91 0
125 169 0
74 81 0
24 115 0
3 39 0
70 101 0
113 190 0
19 23 0
33 185 0
124 177 0
143 159 0
9 53 0
20 62 0
4 66 0
28 57 0
62 65 0
4 6 0
23 148 0
77 140 0
51 173 0
32 38 0
9 154 0
9 15 0
7 8 0
25 45 0
34 50 0
42 48 0
2 20 0
40 133 0
32 42 0
49 61 0
18 142 0
57 60 0
5 51 0
110 182 0
12 69 0
147 151 0
139 141 0
97 103 0
60 181 0
34 164 0
51 54 0
71 174 0
65 106 0
28 113 0
