1
200 186 150 75
-179717612 -268712434 -408026833 -663496286 -660185186 -474719178 -115739621 -15317066 -133060076 -496735153 -772901355 -953592905 -704859446 -797223993 -8430185 -388381627 -140209915 -514135802 -828760200 -745428690 -295301927 -283099074 -174610079 -171713114 -695446905 -331828487 -417350027 -705000245 -420299276 -104887584 -632622761 -377417843 -458158539 -272074905 -315416411 -446678936 -340950033 -924844731 -133195859 -889192462 -5022248 -396263027 -254665763 -800496093 -838230653 -686609277 -235024786 -609655851 -914777478 -752714498 -570983234 -557320489 -448394733 -995513726 -697887399 -187616927 -404977000 -648108694 -920493848 -714943859 -274157458 -544709273 -34719427 -808870956 -751735469 -150917977 -914367110 -642303616 -136903656 -561015449 -517564396 -796565488 -188655803 -872885962 -884880594 -287972694 -712360399 -566840538 -299327676 -156022534 -454264398 -698650538 -878844315 -600793420 -616286196 -448402605 -945487364 -157288505 -563274325 -302352224 -149010831 -112605506 -252418673 -83645050 -261077861 -910701479 -786276257 -95653829 -367778892 -891160904 -853571945 -359806161 -922104847 -661752733 -710853689 -72913047 -878380711 -185175352 -898481881 -188455841 -728075989 -952729569 -695804151 -217967623 -21876452 -518143738 -17589666 -852309653 -622469941 -525755207 -967720368 -908875671 -252241788 -454597487 -876366288 -673497981 -293077630 -411561804 -612438098 -319508589 -97818359 -923892209 -644781275 -549218997 -836575482 -287226305 -284514091 -435643504 -645097483 -291947148 -828121551 -671936934 -687884717 -810959526 -31235998 -692692213 -804244967 -899180746 -295292295 -491611527 -832984901 -92122174 -715490635 -567565478 -746376701 -45520376 -211356075 -440194196 -670200045 -305558998 -367432510 -687037099 -121611159 -636934217 -908486858 -644765154 -34894699 -507493660 -619110595 -823563764 -938251349 -259007553 -761405118 -363889337 -126988242 -73317836 -830957831 -637950853 -199796569 -216254417 -329008851 -656773429 -627796697 -249432505 -515146249 -402434776 -880563938 -692989387 -647525203 -274515841 -861483953 -349827964 -267623421 -540621746 -651287237 -756626833 -270037313 -275328121 -908113465 -182709535
0 0 0 0 0 1 0 1 0 1 1 0 1 0 1 1 0 1 1 1 1 1 1 1 0 1 0 1 1 0 0 1 1 1 1 0 1 1 1 1 1 1 0 1 1 0 0 0 1 0 0 0 1 1 1 1 0 0 1 0 0 0 0 0 1 0 1 1 1 1 1 0 1 1 1 0 0 1 0 0 0 0 1 0 0 0 0 1 1 0 0 0 1 0 1 0 0 1 0 1 1 1 1 1 1 0 1 1 0 1 0 1 0 1 1 0 0 1 0 0 1 0 1 0 1 1 1 0 0 0 0 0 0 0 1 1 1 1 0 1 1 0 0 0 0 0 1 1 0 0 1 1 1 0 0 0 0 0 1 1 0 1 0 1 1 1 0 0 1 0 1 0 0 0 0 0 1 1 0 1 0 0 1 1 1 1 0 1 1 1 1 0 0 0 0 1 0 0 0 0
156 161 -100835263
34 35 -195756995
112 115 -283852068
57 64 -774086343
115 118 -146711234
157 158 -135070228
86 87 -374130568
8 13 -205360554
40 41 -576912188
10 11 -64025375
158 170 -351910720
103 112 -673768534
27 33 -683627456
125 141 -916247564
2 6 -322344706
132 139 -655694905
35 44 -34171932
192 200 -413846017
75 77 -458300669
67 72 -761300389
123 133 -420528629
2 5 -764135904
160 166 -89842466
69 71 -723192033
193 194 -526431972
176 177 -887863239
130 142 -660042365
97 100 -860054885
83 84 -864399439
163 165 -599245856
159 163 -426817085
178 179 -10947887
85 91 -248531071
104 109 -564656429
86 88 -892767793
56 62 -168612384
192 193 -742865663
123 125 -260087964
179 182 -264623964
11 14 -410387147
127 131 -186291014
197 198 -406225783
126 128 -665004735
178 186 -793235252
173 174 -570731750
28 31 -566484465
126 140 -72995274
9 19 -103084934
175 178 -321707849
1 4 -256456617
156 159 -121478807
105 111 -154122166
179 187 -430028882
60 66 -206206809
125 134 -63553233
104 117 -482391763
23 27 -894181625
41 54 -341648100
160 168 -627806043
28 32 -202163801
150 151 -998728533
103 110 -989008963
183 188 -70171386
56 57 -774325849
156 157 -337925175
42 46 -461725330
73 76 -422373786
15 17 -199047413
56 63 -924050096
194 199 -658169052
36 39 -492718528
86 94 -496597045
152 153 -127013124
34 50 -778038327
105 106 -247582212
26 28 -477242074
131 136 -897982803
58 68 -781849356
129 145 -349688649
142 146 -144067138
192 195 -302792213
176 180 -550394930
77 82 -161342387
157 171 -238936379
124 126 -652767190
174 181 -681814021
102 113 -817501075
158 164 -808432284
76 79 -239992700
42 51 -787421527
73 80 -989554606
174 176 -430948403
58 59 -660321381
104 107 -175103022
94 101 -545935779
46 49 -862749743
43 45 -140704599
171 172 -979595449
73 75 -193882619
103 104 -731430848
175 190 -21943269
129 135 -663826718
126 130 -423450881
35 43 -608661656
179 189 -533626971
159 169 -312677884
179 184 -460503008
124 127 -202528074
56 69 -828255624
161 162 -972723198
38 47 -1661886
91 99 -787358168
105 114 -958492723
117 121 -470705067
174 175 -479294003
84 86 -457186039
154 155 -426700630
118 122 -278096768
162 167 -91842499
124 144 -734378952
123 137 -737270657
16 18 -634476273
13 20 -917650318
148 149 -824677349
89 93 -21426525
34 36 -984295078
102 119 -16461637
123 138 -976578863
37 38 -653935323
7 9 -815625468
55 58 -214450487
103 105 -984861026
42 48 -321613867
55 61 -179496728
113 120 -704661063
1 3 -378831447
148 150 -548858977
84 97 -740858038
60 67 -12131789
64 70 -394856657
37 53 -555980621
63 65 -208080563
7 8 -493958120
28 30 -48429328
83 92 -58493492
86 89 -426579867
73 78 -949469325
21 26 -47432238
79 81 -74109186
157 160 -857980961
21 25 -912560693
152 154 -55596682
1 2 -465812932
102 103 -323792635
39 42 -931119097
35 40 -886141805
9 12 -914599475
83 95 -684070339
125 129 -81910861
14 16 -950609892
103 116 -567227732
176 183 -362837708
125 132 -69949237
23 24 -675009150
124 143 -194190720
8 10 -842904911
21 22 -910932339
90 96 -64060742
83 85 -553736957
136 147 -315688091
123 124 -156207888
34 37 -520328758
173 185 -549803176
89 98 -944823952
59 60 -158354225
195 196 -367370095
21 29 -811410111
21 23 -228623006
193 197 -78294332
102 108 -303300638
42 52 -559642823
55 56 -726970407
73 74 -847120277
83 90 -143252980
10 15 -504935243
174 191 -601975047
