1
200 199 199 99
-436504475 -335861889 -565268146 -839596589 -756068359 -725471824 -4771910 -642064756 -401922702 -947278590 -448964531 -183267442 -572587459 -983269224 -81478036 -971153418 -868229124 -279073524 -761350556 -746625272 -413940550 -198417966 -285599976 -917902183 -493235503 -982753533 -402204297 -688450274 -452570908 -223112227 -48776850 -933995489 -138356000 -829687058 -9631699 -840539139 -690480797 -751514969 -699130371 -36049831 -173971100 -769202488 -696355101 -789337015 -303904241 -211455284 -232551564 -238269037 -897048171 -818319369 -4131814 -316454651 -934084575 -759816349 -171676026 -331203454 -210190578 -592716253 -277320900 -460661987 -945770508 -854976863 -244466870 -334007197 -620589443 -67455855 -177167579 -174961140 -595220205 -612124406 -965007964 -246469703 -341588565 -795102246 -461670649 -77471221 -337103761 -348741637 -916575452 -937507051 -645083817 -254675174 -175181139 -698193535 -523343701 -894586442 -8723691 -593180843 -826372722 -288631285 -976450140 -563856686 -99310481 -280877317 -338686813 -108886453 -518568367 -839160084 -152431773 -802565865 -328803204 -926576117 -866921357 -229647152 -340007890 -305984081 -561625126 -273001026 -994415706 -633446126 -562537590 -90582910 -897877247 -891389490 -351017004 -545410480 -42297447 -553245329 -992302666 -179205526 -450598718 -45390776 -127399614 -999650485 -996550653 -17956302 -300654560 -580168145 -377635815 -479162662 -459472104 -371866911 -673408913 -368260402 -940778371 -53490957 -259797530 -341854863 -486076861 -104955214 -437289780 -411533113 -464810782 -399474304 -857501104 -257507073 -700094992 -964773837 -512996267 -266510769 -696941447 -337065660 -373232206 -601075095 -838226355 -391295008 -64451822 -540629641 -362413655 -464147389 -599195455 -64256056 -682522624 -786505522 -434568414 -8068823 -205426855 -159527159 -930737500 -81759538 -1014603 -40622605 -829953306 -178424589 -188124920 -970827263 -743097277 -732605447 -203424618 -286798881 -552488545 -218183382 -268199639 -744453273 -395930404 -37791290 -739758939 -223772129 -914106750 -895504221 -894051152 -521875681 -714379782 -862824123 -348295553 -677654413 -296970476 -531692201 -326292235 -697082167
0 0 0 1 1 1 0 1 0 0 1 0 0 0 1 1 1 1 0 0 0 1 0 1 0 0 0 0 1 1 1 0 1 0 0 1 1 0 0 1 1 1 1 1 0 1 0 1 0 1 1 1 1 1 1 0 1 1 0 0 0 1 1 0 1 0 1 1 1 1 0 1 1 0 0 1 1 1 1 0 1 1 0 0 0 1 1 0 1 0 0 1 0 0 1 0 0 1 0 0 1 0 1 1 1 0 1 1 1 0 0 0 0 1 1 0 0 1 0 1 1 1 0 0 1 0 0 0 1 1 0 0 0 0 0 1 0 1 0 0 1 0 1 1 0 0 0 1 1 1 0 0 1 1 1 0 0 0 1 0 1 0 1 0 1 0 1 0 1 0 0 1 0 1 0 1 0 1 1 1 0 1 0 0 1 0 0 1 1 1 1 1 0 0 1 0 0 0 0 0
43 77 -532054069
93 108 -444221788
22 145 -636991837
1 118 -594335538
4 9 -400319041
78 109 -198912039
7 14 -894768239
180 189 -774744775
24 35 -274498782
75 120 -792207405
9 43 -438483360
42 66 -340169889
55 173 -892622460
28 107 -851078589
45 117 -508353931
19 114 -112803056
13 124 -412036692
1 89 -948789987
132 168 -334939969
17 18 -717348710
15 88 -24657510
81 146 -680300449
6 84 -933439281
5 23 -352924526
27 137 -175343807
24 82 -815230587
35 41 -892639895
39 95 -36374483
95 129 -79047317
69 175 -821586356
13 106 -664285826
135 140 -167432908
61 167 -367908195
7 85 -196122938
22 26 -669122530
8 30 -927832706
71 111 -476260448
37 54 -769099653
69 199 -379692864
84 169 -171401605
25 70 -998873487
93 115 -554064242
55 62 -814041746
12 58 -975683446
100 128 -586599919
7 52 -577780113
170 191 -108677604
30 39 -817840165
14 159 -316775511
19 50 -364610616
5 28 -445425202
138 198 -788846813
86 161 -618601184
2 21 -330149695
72 184 -246125869
43 91 -38686081
11 16 -549176833
140 143 -647120963
40 68 -758204095
25 100 -276180681
21 34 -159694805
1 4 -657598790
22 99 -678692996
61 154 -929989722
3 6 -126258381
153 158 -575183315
3 59 -886860537
15 174 -61555542
76 97 -347376331
77 81 -239208937
170 181 -498506864
79 126 -857896926
56 65 -381858773
17 53 -174972130
33 55 -458988868
2 113 -381284735
44 48 -52793833
12 76 -408413789
68 155 -21957609
2 5 -226026970
35 134 -59402048
59 142 -97689178
7 98 -158424369
33 132 -81300463
13 156 -234467181
35 51 -327467
26 57 -138378464
5 15 -821189268
38 45 -720890614
49 56 -786160847
106 149 -991021620
17 29 -881999517
142 185 -238156252
10 13 -549038747
22 64 -955264998
5 8 -753927577
83 194 -601851746
1 2 -3058947
15 166 -2209986
85 121 -90196577
141 178 -329220455
17 96 -550791285
6 190 -247134576
6 11 -21462075
39 40 -830211722
14 17 -123916978
23 101 -993112081
122 200 -395697354
110 195 -689981829
21 71 -12411314
37 157 -15573043
30 74 -253385988
46 87 -860411685
57 72 -161035922
156 165 -933344247
6 7 -835599044
2 3 -540059062
9 135 -114115042
33 75 -498671914
75 119 -67121735
106 138 -27281120
131 152 -615171001
83 90 -747607453
16 32 -807439468
15 133 -138869622
11 160 -193974335
89 176 -870928280
22 27 -30825525
81 103 -615339863
17 49 -931823248
68 102 -916221088
48 182 -297691147
13 80 -583462042
91 164 -940529897
68 187 -34647350
62 104 -618703812
8 197 -523669562
130 141 -326782337
11 110 -438497798
101 127 -346212
18 144 -294575519
62 69 -952367399
72 92 -360901679
149 170 -939119992
69 86 -896524491
1 60 -292105219
24 25 -305019896
151 188 -354709814
7 193 -794116986
3 24 -307279589
189 192 -660890403
34 112 -989535080
44 79 -639663575
170 180 -208572079
62 136 -311991046
98 162 -524932144
19 42 -195442917
17 73 -21742336
116 130 -869681448
135 153 -742038996
35 105 -378468038
78 151 -374545482
98 148 -186011726
57 147 -859507617
36 46 -449257402
105 139 -238361753
107 179 -328666960
10 31 -580836090
39 172 -210468025
66 83 -678626427
13 36 -706508249
81 177 -175870299
37 94 -858480638
11 131 -715772693
5 12 -168965059
2 10 -278141988
9 63 -462299452
30 78 -528391840
13 122 -266391581
108 186 -249680696
145 150 -255172390
156 163 -955346250
138 171 -894119534
11 19 -851244101
40 116 -316795713
27 47 -502778460
94 125 -562323036
24 44 -632421668
16 22 -875716102
19 20 -622614830
109 183 -526008765
15 61 -318737612
21 37 -875257631
29 38 -101599412
55 67 -861947532
32 93 -882245587
4 196 -342743309
24 33 -657022400
95 123 -715678746
