1
200 191 190 95
-697308561 -400496039 -268724525 -989620771 -852131285 -63499378 -76455295 -728641655 -31296238 -794485271 -431724712 -290016646 -813742999 -535539614 -69044224 -382412656 -645395003 -467975213 -621539068 -309007831 -567473978 -497068006 -263641316 -480247060 -588007625 -177988794 -493425782 -318876975 -405469380 -225176818 -147060562 -482545288 -501582113 -760579043 -944772367 -876651558 -490608461 -141732390 -691749046 -505637589 -884945674 -746428656 -222897746 -781152233 -771525905 -293216370 -797240972 -624933640 -410508599 -957245981 -317119506 -994670604 -697138049 -348851014 -803914754 -473009313 -741015964 -480114590 -898576672 -596097534 -463316488 -733029979 -81273334 -220749574 -593899665 -887887908 -302426910 -551101826 -439268854 -115454591 -170805700 -227380540 -775929394 -900299465 -490631106 -823149618 -84892817 -459006105 -123189047 -224973508 -511073902 -427021751 -678478958 -813474695 -444763499 -678715428 -782086022 -192164116 -858751607 -291880740 -113325492 -370377582 -709379897 -851727298 -921694122 -412745448 -59425760 -398803278 -402555214 -992937191 -20713035 -240863984 -962785261 -720559187 -18759768 -221071115 -457655486 -393659853 -478129010 -500333120 -647076290 -349129033 -430497715 -480052063 -121466376 -157000660 -286804836 -803759755 -510732989 -772273263 -520859366 -790337568 -43177366 -485336543 -931574269 -471382240 -129099054 -637109984 -440676963 -570596476 -845500168 -545893714 -792211255 -899995316 -73595624 -661874693 -985342183 -388330764 -199743011 -653824082 -307354808 -938083776 -149255631 -815185456 -996770379 -753417940 -626478231 -834450788 -201191774 -446345105 -331003883 -312640493 -79200738 -41124704 -867434897 -320333418 -618598390 -791036586 -844801731 -100705079 -324928255 -959675095 -666686447 -730902336 -354579501 -656442559 -501249020 -263215337 -972842473 -542211733 -207531814 -434600450 -815451265 -330546233 -520378541 -670640149 -512173791 -521099981 -662529123 -136482061 -796728289 -956571622 -589312764 -514875889 -246947966 -276071382 -264177463 -405419057 -955923285 -390503720 -185069111 -764999577 -308145122 -952967734 -691640887 -447886656 -524994664 -540668451 -632269859 -185556501
0 0 1 1 0 0 1 1 1 1 0 1 0 1 0 1 1 1 1 1 0 0 1 0 0 0 1 0 1 1 1 1 1 1 1 1 1 1 0 0 0 0 1 0 1 1 1 1 1 1 1 0 1 0 1 0 0 1 1 0 1 0 1 0 0 0 0 0 0 0 0 1 0 0 0 0 0 1 0 0 1 0 1 0 0 1 1 0 0 0 1 0 0 1 0 1 1 0 0 0 0 0 1 1 1 1 1 1 1 0 0 0 1 0 1 1 0 0 0 0 1 1 0 1 0 0 0 1 1 0 1 0 0 1 1 1 0 1 1 1 0 1 0 0 1 0 0 1 1 0 0 0 0 1 0 0 0 1 0 0 0 0 1 0 0 0 0 0 1 0 1 0 0 0 0 1 0 1 0 0 1 1 1 0 1 0 1 1 1 0 0 1 1 1 1 1 0 1 1 1
34 187 -46868324
23 80 -39249155
72 87 -241768821
4 59 -525255151
41 44 -804480432
63 109 -912461872
133 191 -161493544
87 110 -96614415
34 194 -541251990
8 14 -795997030
9 189 -258305980
10 78 -248355942
4 5 -966408086
87 101 -942433963
66 117 -177321708
12 38 -353017519
21 64 -832027194
8 39 -892656750
72 102 -349987070
32 178 -410646628
65 82 -187849531
10 24 -91764122
64 71 -922430250
122 135 -309167218
5 7 -231932771
39 62 -253658443
38 139 -653225402
126 127 -443813975
94 115 -914117651
29 81 -77895468
106 171 -866937174
38 145 -979864566
12 65 -93423859
6 46 -11068241
61 162 -159383058
71 111 -771170015
99 195 -474062088
32 150 -881000889
82 93 -658380673
157 183 -151395155
182 190 -623611641
8 60 -331820999
81 151 -568971071
18 20 -706231814
2 3 -317387716
56 84 -923865366
36 156 -56841799
77 182 -600937677
89 158 -697109629
25 68 -600456791
2 51 -849154166
8 23 -184976066
47 96 -40173096
7 52 -564926291
101 193 -635080299
59 73 -691983994
16 22 -711856613
1 29 -425361459
73 98 -373380116
2 4 -278182861
39 149 -962247443
6 11 -607948090
22 124 -376877284
35 50 -341057785
53 106 -775157099
130 176 -58520715
121 138 -426831340
28 55 -294191347
89 100 -552668758
1 2 -944047424
13 142 -111110692
140 144 -913394737
90 175 -841508191
40 180 -154581475
62 79 -88340039
28 49 -432359804
59 77 -449213301
62 146 -125247193
102 165 -704814640
2 8 -515465202
174 199 -287937650
125 179 -506723615
136 141 -79258332
140 163 -565403867
68 83 -562845416
39 63 -734368463
22 119 -870095968
88 122 -946471553
30 53 -802928098
26 66 -296869651
63 185 -237696402
33 42 -609297061
100 143 -36802268
56 72 -168387149
95 134 -168692133
58 67 -638621270
9 28 -876013506
31 89 -795679165
94 157 -211532380
5 10 -362620928
21 70 -95039662
58 153 -685641480
31 47 -136195243
1 112 -361684776
113 196 -176113674
154 177 -508681029
11 34 -15393574
38 137 -938767425
21 118 -444649383
141 164 -544534339
172 192 -829156201
104 130 -460295245
18 40 -724192866
168 184 -173878925
72 104 -543929619
14 129 -469729177
78 131 -283468552
10 16 -624525069
17 18 -188671001
10 17 -828740283
4 26 -567814776
158 174 -121900887
34 41 -343927073
21 186 -498719614
39 57 -959338691
140 161 -730214824
26 148 -605076140
23 36 -499152104
20 37 -870260675
66 88 -669856615
81 126 -312356686
63 108 -531060787
2 32 -823213953
8 170 -814966524
71 105 -295270474
75 128 -264974592
24 152 -656051426
118 120 -683487968
88 91 -123295932
128 188 -140616872
9 45 -409081777
129 200 -663992028
108 181 -34433711
54 56 -927744371
30 43 -380920557
56 114 -985172949
1 15 -255713720
20 116 -983880158
3 21 -820231884
119 140 -926632385
151 198 -879641656
57 168 -112621525
75 136 -397524378
71 103 -135316358
48 132 -876980911
11 121 -154105939
81 94 -950135254
3 58 -998843991
60 97 -140478446
11 33 -671995749
109 147 -958182550
64 69 -32252827
31 54 -628365881
8 99 -344556221
71 167 -779491989
21 169 -306934088
92 160 -670264249
23 48 -277253840
80 92 -613046295
3 6 -172291645
15 31 -510166539
116 133 -441477257
7 155 -782886538
167 197 -955879537
133 172 -436671672
87 90 -203702788
10 25 -571261468
115 173 -438071074
74 95 -156592974
25 27 -135950556
53 75 -812785074
25 159 -919440851
67 154 -305179078
69 125 -15993955
55 76 -48827431
4 35 -951145189
3 9 -380414867
34 61 -371798065
28 107 -648857285
10 19 -852272959
48 123 -413925868
