1
200 198 170 85
-3 -2 0 -4 -3 0 -4 0 -4 -3 -3 -1 0 -1 0 -4 -3 -2 -1 -3 -2 -1 -3 -1 -1 -4 0 -5 -2 -2 0 0 -5 -1 -2 -1 -4 -4 0 -1 -2 -3 -5 0 0 -1 -1 -2 0 -5 -4 -5 -5 -1 -1 0 0 -2 -3 -1 -2 -4 -2 -5 -4 -2 -1 -2 -3 -2 -1 -5 -5 -2 -3 -2 0 0 -1 -4 0 -2 -5 -1 -2 -1 -1 -5 -2 0 -1 -1 -4 -5 -1 -4 -1 -1 0 -5 0 -2 0 0 -4 -4 -2 -5 -4 -1 -5 0 -1 0 0 -1 0 -5 -3 -4 -3 -1 -1 -1 -1 -5 -2 -3 -2 0 -3 -4 -4 -5 -2 -3 -2 -5 -1 -5 0 -1 -3 -5 -5 0 -1 -1 -4 -5 -2 -3 0 -2 -4 -4 -4 -5 0 -1 -4 -3 -4 -4 0 -2 -1 -1 -2 0 0 -2 -2 -4 -5 -4 0 0 -2 -2 -1 -3 -4 0 -5 -5 -3 -3 -5 -1 0 -4 -4 -4 -4 -2 -5 -3 0 0
1 1 0 1 1 0 1 1 1 1 1 0 1 1 0 0 0 1 1 0 0 0 0 0 0 1 1 0 0 1 1 0 1 0 1 1 1 1 0 0 0 0 0 0 1 1 0 0 1 0 1 1 0 1 1 1 0 0 1 0 0 1 1 0 0 1 0 0 0 1 0 0 1 1 1 1 0 0 0 0 1 0 1 1 1 1 1 1 0 0 0 0 1 0 0 0 0 1 1 0 0 1 0 1 1 0 1 0 1 0 1 1 1 0 0 0 0 1 1 1 1 0 1 0 1 0 1 0 1 0 0 1 1 1 0 1 1 0 1 1 0 1 1 0 0 0 0 1 1 0 0 0 1 0 1 1 1 1 0 0 1 0 0 0 0 0 1 1 0 0 0 0 1 1 1 0 1 1 1 0 1 0 0 0 1 0 1 1 0 1 0 0 1 0 1 1 1 0 0 1
16 30 -5
92 133 -5
30 84 -5
26 172 -1
43 72 -1
189 196 -4
97 109 0
25 55 -2
19 199 -3
96 117 -3
20 34 -4
29 143 -4
48 168 0
98 145 -3
2 5 -5
11 14 -3
66 157 -3
46 176 -5
101 136 0
43 127 0
88 183 0
31 40 -3
18 134 -2
15 52 -2
8 18 -4
16 39 -1
13 112 -3
2 70 -2
27 104 -1
22 46 -2
64 100 0
91 151 0
132 200 -4
55 88 -1
27 59 -5
55 158 -2
42 99 -4
9 119 -4
118 174 -2
15 24 -5
69 154 -3
18 41 -4
128 175 -4
6 7 -3
22 101 0
9 147 -2
62 171 -2
87 155 -3
52 149 -4
25 120 -1
39 64 -1
163 192 -4
55 106 -2
58 186 -1
157 162 -5
35 68 -2
55 125 0
88 142 -1
46 62 0
9 20 -1
165 184 -2
44 90 -1
116 173 -2
85 126 -1
57 76 0
41 94 0
13 19 -1
1 33 -2
144 152 -4
44 48 -3
98 179 -2
10 12 -3
35 116 -2
24 83 -4
27 32 -2
38 113 0
24 29 -4
15 22 -1
10 71 -5
55 141 0
93 107 -4
82 163 -4
16 98 -4
106 198 -5
3 135 -1
3 6 -4
71 128 0
44 180 -3
83 159 -2
61 115 -4
51 169 -1
140 178 -3
57 74 0
30 35 -2
19 56 -5
5 195 -3
38 53 -2
11 15 -2
36 45 -3
32 182 -5
120 140 -2
10 25 -2
45 57 -5
26 124 0
4 50 0
32 185 0
94 108 -1
35 54 -1
1 4 0
32 89 -2
141 153 -5
102 177 -1
34 73 -5
112 170 -4
77 91 -2
76 103 -5
27 31 -1
34 102 -5
118 193 -1
18 139 0
7 137 0
46 150 -4
14 105 -1
129 132 -1
54 78 -4
3 114 0
38 87 -3
46 49 -4
29 164 0
5 44 -4
119 167 -1
73 110 -3
33 37 -3
25 118 -2
2 11 -1
11 17 0
1 13 -2
45 97 -4
135 156 -2
86 188 0
75 85 0
36 43 -5
3 21 -2
2 92 -5
5 65 -2
86 197 -3
82 191 -4
86 121 -5
17 122 -2
1 9 0
26 58 -5
173 190 0
18 194 -2
112 187 -1
1 10 -4
21 23 -4
53 86 -1
3 51 -1
26 79 -3
18 38 -3
56 95 -4
49 165 0
64 66 -2
1 2 -1
102 138 0
65 144 -1
38 42 -2
39 131 -5
1 148 -1
3 80 -3
9 67 0
3 77 -4
34 123 -5
21 36 0
93 96 -5
2 28 -3
5 16 -4
4 129 -4
12 26 -2
144 160 -1
103 189 -5
79 93 -5
38 146 -3
59 69 -5
31 63 -4
172 181 0
27 60 -5
71 81 -1
54 166 -5
56 75 -1
7 8 -1
55 82 -4
90 130 -1
2 3 -2
28 61 -5
143 161 -3
15 27 -3
22 47 0
