1
200 196 120 60
-538916549 -584411300 -127457107 -65129774 -669947231 -339473338 -349370963 -857500562 -554962351 -468917154 -991572878 -185558882 -743000236 -569508197 -599414150 -958315658 -662364188 -850098144 -279428713 -561560330 -417171483 -5213962 -665723167 -812307721 -342613305 -720294485 -637596130 -667942459 -25695877 -143978642 -988658597 -58280917 -517096181 -898036232 -74261759 -19601855 -218034233 -966169013 -533351702 -251851837 -355985027 -479367888 -577395013 -352470472 -183687421 -565218784 -616843357 -48094102 -885110502 -472924265 -546442505 -1381968 -157266478 -386956037 -834657319 -640950136 -424472732 -627318178 -641851323 -720955170 -891633111 -23235488 -969376306 -991968110 -847582842 -103809104 -812400393 -70888798 -984978751 -620512014 -301870230 -382887756 -368899327 -67010889 -964113501 -419317791 -443913233 -543548269 -864849919 -193129277 -465194600 -143773303 -136206326 -25365791 -947276503 -570448079 -217813921 -500689136 -555858557 -303490485 -789359647 -764330606 -96983972 -877566351 -433330769 -974263604 -968794534 -298875885 -231710087 -672133278 -501308505 -775351392 -956378724 -908412695 -488714076 -214363777 -262297297 -804541395 -999874032 -998191185 -783653634 -839775798 -702608559 -79526454 -721772897 -343847453 -689327081 -15501477 -792608223 -322844893 -873614084 -458064736 -636035919 -196610617 -445116945 -588267705 -320741756 -870738120 -266564715 -679436334 -411226845 -198424606 -394857705 -33486920 -794035049 -779746531 -827808211 -250974274 -597987656 -228812816 -741833996 -139128787 -696039179 -546267231 -527230551 -364690112 -538461788 -86986960 -939203971 -379115854 -306464604 -689893357 -430111113 -495341995 -733058062 -694880258 -471510309 -868109328 -872262144 -740017761 -244980822 -863354339 -54823416 -727457904 -226955727 -601549265 -983896027 -536037193 -176592099 -24163111 -571725091 -614112201 -304574485 -134137051 -185254924 -183263472 -172286354 -672404078 -64244678 -183687915 -269853828 -697722813 -87899352 -243663290 -177915979 -820704707 -588364794 -585862642 -767554910 -139776658 -174248332 -587260755 -139589227 -733532303 -485360470 -913238102 -735187531 -816671576 -1488648 -589462519
0 0 0 1 1 1 1 1 0 1 0 1 1 0 0 0 0 0 0 1 1 1 1 1 0 0 0 0 1 1 1 1 0 1 0 0 1 0 1 0 0 1 0 1 0 0 0 1 0 1 1 1 1 1 1 1 1 0 1 0 0 0 1 0 1 0 0 1 1 1 1 0 0 1 0 0 0 1 1 0 0 0 1 0 0 1 0 1 0 0 1 1 1 0 0 1 0 1 1 0 0 1 0 0 1 1 0 1 0 1 0 1 0 1 1 1 1 0 1 1 1 1 0 1 1 1 1 1 1 0 1 0 1 1 1 1 1 1 1 0 0 1 0 1 1 0 1 0 1 0 1 0 0 1 1 1 0 1 0 0 1 0 0 0 1 0 0 1 0 0 0 1 1 1 0 0 1 1 1 0 0 1 0 0 0 1 0 1 0 0 1 1 1 0 0 1 0 1 1 0
17 18 -309490378
52 61 -870337948
3 8 -440492020
17 34 -391556782
165 188 -562134441
92 158 -185892458
42 80 -483283049
74 157 -390424862
140 150 -486682531
41 70 -474522589
60 76 -319194700
44 71 -984316541
129 135 -885237954
14 17 -301673491
43 118 -322151313
23 59 -419029543
53 156 -681546107
3 132 -236702502
44 93 -909728901
5 166 -6275169
21 43 -332652293
81 97 -637901477
78 178 -241617050
1 66 -950049521
92 101 -610509096
51 145 -189597118
17 22 -406696711
145 199 -275733014
5 24 -79104073
3 5 -34089003
140 175 -146582143
76 81 -794538190
21 46 -850436029
41 179 -76497517
24 104 -854888987
14 89 -308166452
11 87 -704423001
20 110 -888912175
43 74 -85225723
51 160 -918838891
7 9 -711671393
110 137 -748546723
64 75 -209152632
71 192 -217283443
27 95 -35666232
78 171 -920144638
47 49 -617816136
2 15 -577492078
47 63 -862665856
26 143 -209302677
5 58 -393092937
79 124 -215273453
99 142 -997950551
63 163 -954704105
5 84 -519763544
3 6 -72745353
2 32 -185390572
86 91 -115663766
1 27 -816453665
59 96 -681413054
89 113 -323686272
3 4 -659195628
31 57 -84632423
38 72 -190291889
127 130 -827166236
62 196 -759012357
23 51 -311563117
16 146 -456200238
48 54 -312644018
3 33 -56841700
119 131 -558538724
62 147 -933239131
1 3 -310767833
82 115 -460522202
171 197 -439272586
37 126 -138069512
95 181 -409207802
141 162 -808649529
15 151 -425042479
9 10 -265063273
27 29 -768884406
7 25 -132175387
74 193 -729908908
3 114 -885610854
6 98 -408646178
2 198 -887838469
25 30 -86396531
121 172 -893408230
45 164 -706685529
4 7 -623233338
16 45 -948488424
8 19 -72570696
33 139 -47164375
49 60 -714905789
15 16 -909012939
43 140 -461254729
23 68 -850194585
27 94 -716394343
21 41 -408860486
11 65 -741952023
23 26 -10801483
37 92 -401863572
143 161 -174686212
46 187 -679526312
16 21 -264239852
91 102 -10067706
48 73 -427242648
26 69 -292167501
13 134 -13671259
111 116 -837752146
21 180 -949617340
16 159 -317556474
133 182 -662218317
12 168 -102734123
97 136 -129490949
10 174 -194099658
42 47 -141942132
73 128 -303970451
24 169 -510917435
18 28 -660759831
5 77 -161110117
27 109 -206700923
108 123 -320985575
26 40 -355232529
29 35 -624367066
7 155 -565561735
11 88 -218267907
12 20 -898574103
13 48 -471206652
98 186 -482007959
6 13 -354120733
39 79 -180217960
9 82 -737017197
42 53 -252843246
41 56 -806453808
36 50 -724522454
24 144 -170849699
143 191 -587846581
30 106 -140210041
15 190 -491193708
75 85 -278607278
49 122 -586656991
28 107 -558040736
161 167 -519167111
10 14 -414478135
15 23 -958044006
45 121 -615504782
3 129 -426249531
90 105 -799001931
96 100 -272315690
27 42 -12948139
120 165 -597665236
85 120 -89849329
13 67 -942054621
4 31 -523588923
127 133 -500118318
7 78 -820406748
88 184 -727141663
92 153 -903158879
141 176 -519014637
75 108 -545375679
2 11 -653732128
9 12 -603038455
72 83 -34120366
36 38 -318280741
105 170 -639291477
8 44 -255291271
105 154 -990335924
8 36 -726731877
36 62 -808491612
99 112 -739873287
123 138 -378972858
50 64 -243222146
9 152 -816211492
1 2 -446059088
53 55 -178710981
9 185 -882699409
92 119 -619519360
83 99 -738000381
39 103 -954619699
96 127 -897646084
22 86 -994032592
74 149 -700232630
59 183 -600792559
26 37 -304184217
60 90 -302084110
41 117 -956250347
36 52 -143265852
129 194 -975274697
81 173 -885723689
52 141 -662535535
53 148 -78051043
51 111 -695366390
107 200 -311455725
74 189 -857170674
67 125 -839468838
