1
200 199 160 80
-1000000000 -1000000000 -1000000000 -1000000000 -1000000000 -1000000000 -1000000000 -1000000000 -1000000000 -1000000000 -1000000000 -1000000000 -1000000000 -1000000000 -1000000000 -1000000000 -1000000000 -1000000000 -1000000000 -1000000000 -1000000000 -1000000000 -1000000000 -1000000000 -1000000000 -1000000000 -1000000000 -1000000000 -1000000000 -1000000000 -1000000000 -1000000000 -1000000000 -1000000000 -1000000000 -1000000000 -1000000000 -1000000000 -1000000000 -1000000000 -1000000000 -1000000000 -1000000000 -1000000000 -1000000000 -1000000000 -1000000000 -1000000000 -1000000000 -1000000000 -1000000000 -1000000000 -1000000000 -1000000000 -1000000000 -1000000000 -1000000000 -1000000000 -1000000000 -1000000000 -1000000000 -1000000000 -1000000000 -1000000000 -1000000000 -1000000000 -1000000000 -1000000000 -1000000000 -1000000000 -1000000000 -1000000000 -1000000000 -1000000000 -1000000000 -1000000000 -1000000000 -1000000000 -1000000000 -1000000000 -1000000000 -1000000000 -1000000000 -1000000000 -1000000000 -1000000000 -1000000000 -1000000000 -1000000000 -1000000000 -1000000000 -1000000000 -1000000000 -1000000000 -1000000000 -1000000000 -1000000000 -1000000000 -1000000000 -1000000000 -1000000000 -1000000000 -1000000000 -1000000000 -1000000000 -1000000000 -1000000000 -1000000000 -1000000000 -1000000000 -1000000000 -1000000000 -1000000000 -1000000000 -1000000000 -1000000000 -1000000000 -1000000000 -1000000000 -1000000000 -1000000000 -1000000000 -1000000000 -1000000000 -1000000000 -1000000000 -1000000000 -1000000000 -1000000000 -1000000000 -1000000000 -1000000000 -1000000000 -1000000000 -1000000000 -1000000000 -1000000000 -1000000000 -1000000000 -1000000000 -1000000000 -1000000000 -1000000000 -1000000000 -1000000000 -1000000000 -1000000000 -1000000000 -1000000000 -1000000000 -1000000000 -1000000000 -1000000000 -1000000000 -1000000000 -1000000000 -1000000000 -1000000000 -1000000000 -1000000000 -1000000000 -1000000000 -1000000000 -1000000000 -1000000000 -1000000000 -1000000000 -1000000000 -1000000000 -1000000000 -1000000000 -1000000000 -1000000000 -1000000000 -1000000000 -1000000000 -1000000000 -1000000000 -1000000000 -1000000000 -1000000000 -1000000000 -1000000000 -1000000000 -1000000000 -1000000000 -1000000000 -1000000000 -1000000000 -1000000000 -1000000000 -1000000000 -1000000000 -1000000000 -1000000000 -1000000000 -1000000000 -1000000000 -1000000000 -1000000000
0 0 0 0 0 0 0 1 0 1 0 1 0 0 0 0 1 1 1 0 1 0 1 0 0 1 0 0 1 1 0 0 0 0 0 0 1 0 1 1 1 1 0 1 0 1 0 0 1 1 1 1 0 1 0 1 0 1 0 1 1 0 0 0 1 0 1 0 0 0 1 0 1 1 0 0 0 0 1 0 1 0 0 0 0 0 1 0 0 1 1 1 0 1 0 1 1 0 1 0 0 1 1 1 0 1 1 1 0 0 0 0 1 0 1 1 1 1 1 0 1 1 1 0 1 1 1 0 1 1 1 1 1 1 1 0 0 0 1 1 0 1 1 0 1 0 1 0 1 0 0 1 0 1 1 1 1 0 1 1 0 0 1 0 1 1 1 0 0 0 0 0 1 1 0 1 0 0 1 1 1 1 1 1 1 1 0 1 0 0 0 0 1 0 0 1 0 0 0 1
66 170 -1000000000
56 74 -1000000000
20 117 -1000000000
37 143 -1000000000
8 158 -1000000000
96 169 -1000000000
24 71 -1000000000
1 35 -1000000000
137 160 -1000000000
9 33 -1000000000
4 12 -1000000000
81 126 -1000000000
38 109 -1000000000
119 199 -1000000000
89 91 -1000000000
90 105 -1000000000
4 103 -1000000000
30 42 -1000000000
5 127 -1000000000
47 73 -1000000000
161 182 -1000000000
107 120 -1000000000
42 44 -1000000000
104 156 -1000000000
21 173 -1000000000
9 13 -1000000000
12 48 -1000000000
74 98 -1000000000
83 162 -1000000000
1 9 -1000000000
159 194 -1000000000
18 77 -1000000000
30 180 -1000000000
19 84 -1000000000
138 139 -1000000000
20 22 -1000000000
43 93 -1000000000
8 130 -1000000000
6 69 -1000000000
1 64 -1000000000
94 147 -1000000000
88 144 -1000000000
13 30 -1000000000
33 49 -1000000000
57 106 -1000000000
77 133 -1000000000
25 41 -1000000000
113 192 -1000000000
27 61 -1000000000
36 151 -1000000000
24 164 -1000000000
120 200 -1000000000
13 95 -1000000000
1 3 -1000000000
82 96 -1000000000
39 46 -1000000000
42 60 -1000000000
49 104 -1000000000
19 197 -1000000000
48 94 -1000000000
45 193 -1000000000
52 88 -1000000000
16 119 -1000000000
27 175 -1000000000
17 18 -1000000000
34 131 -1000000000
3 7 -1000000000
35 62 -1000000000
7 10 -1000000000
37 190 -1000000000
59 97 -1000000000
68 75 -1000000000
32 39 -1000000000
96 137 -1000000000
9 28 -1000000000
6 116 -1000000000
12 16 -1000000000
7 23 -1000000000
88 113 -1000000000
127 189 -1000000000
87 177 -1000000000
37 86 -1000000000
3 47 -1000000000
1 17 -1000000000
94 101 -1000000000
10 149 -1000000000
135 140 -1000000000
174 183 -1000000000
27 128 -1000000000
141 157 -1000000000
88 188 -1000000000
2 5 -1000000000
90 121 -1000000000
8 31 -1000000000
1 15 -1000000000
78 172 -1000000000
81 146 -1000000000
104 112 -1000000000
13 29 -1000000000
2 6 -1000000000
68 198 -1000000000
33 168 -1000000000
19 148 -1000000000
49 114 -1000000000
1 45 -1000000000
174 187 -1000000000
21 56 -1000000000
152 166 -1000000000
45 178 -1000000000
76 85 -1000000000
93 138 -1000000000
62 72 -1000000000
58 65 -1000000000
16 141 -1000000000
153 163 -1000000000
101 110 -1000000000
32 145 -1000000000
67 89 -1000000000
1 4 -1000000000
15 43 -1000000000
42 63 -1000000000
60 70 -1000000000
55 100 -1000000000
30 165 -1000000000
19 50 -1000000000
120 122 -1000000000
30 154 -1000000000
115 159 -1000000000
12 81 -1000000000
4 80 -1000000000
22 58 -1000000000
4 79 -1000000000
20 37 -1000000000
106 161 -1000000000
41 191 -1000000000
28 68 -1000000000
1 2 -1000000000
79 179 -1000000000
74 132 -1000000000
119 196 -1000000000
24 152 -1000000000
12 184 -1000000000
84 176 -1000000000
115 153 -1000000000
93 115 -1000000000
11 32 -1000000000
24 195 -1000000000
41 76 -1000000000
114 118 -1000000000
3 21 -1000000000
25 34 -1000000000
13 25 -1000000000
7 167 -1000000000
3 135 -1000000000
10 24 -1000000000
3 83 -1000000000
9 171 -1000000000
18 67 -1000000000
22 136 -1000000000
19 125 -1000000000
36 111 -1000000000
38 52 -1000000000
45 54 -1000000000
9 38 -1000000000
28 36 -1000000000
117 124 -1000000000
3 26 -1000000000
115 150 -1000000000
108 134 -1000000000
21 27 -1000000000
28 185 -1000000000
53 59 -1000000000
39 82 -1000000000
70 129 -1000000000
68 92 -1000000000
36 142 -1000000000
10 19 -1000000000
98 123 -1000000000
44 57 -1000000000
1 55 -1000000000
38 102 -1000000000
52 78 -1000000000
23 40 -1000000000
14 20 -1000000000
4 8 -1000000000
2 14 -1000000000
28 51 -1000000000
53 174 -1000000000
85 99 -1000000000
32 155 -1000000000
84 87 -1000000000
15 66 -1000000000
6 11 -1000000000
100 108 -1000000000
51 90 -1000000000
24 107 -1000000000
16 53 -1000000000
172 186 -1000000000
169 181 -1000000000
