1
200 199 140 70
0 0 0 0 0 0 0 0 0 0 0 0 0 0 0 0 0 0 0 0 0 0 0 0 0 0 0 0 0 0 0 0 0 0 0 0 0 0 0 0 0 0 0 0 0 0 0 0 0 0 0 0 0 0 0 0 0 0 0 0 0 0 0 0 0 0 0 0 0 0 0 0 0 0 0 0 0 0 0 0 0 0 0 0 0 0 0 0 0 0 0 0 0 0 0 0 0 0 0 0 0 0 0 0 0 0 0 0 0 0 0 0 0 0 0 0 0 0 0 0 0 0 0 0 0 0 0 0 0 0 0 0 0 0 0 0 0 0 0 0 0 0 0 0 0 0 0 0 0 0 0 0 0 0 0 0 0 0 0 0 0 0 0 0 0 0 0 0 0 0 0 0 0 0 0 0 0 0 0 0 0 0 0 0 0 0 0 0 0 0 0 0 0 0 0 0 0 0 0 0
0 0 0 0 0 1 1 0 1 0 0 0 1 0 0 1 0 1 0 1 1 1 1 0 0 0 0 1 1 0 1 0 0 0 1 1 0 0 0 0 1 1 0 1 1 1 1 1 1 0 0 0 0 0 0 0 1 0 1 0 1 0 0 0 0 1 0 1 1 1 1 1 0 0 1 0 1 1 1 0 0 0 1 1 1 0 0 0 0 1 1 0 1 1 0 1 1 0 1 0 1 1 1 1 1 0 1 1 0 0 0 0 0 1 1 1 1 0 1 1 0 0 1 1 1 0 0 1 1 1 0 1 0 0 0 0 0 0 1 1 1 0 0 1 0 0 1 1 1 0 1 0 1 1 0 0 0 0 0 0 0 1 0 1 1 1 1 1 0 0 0 1 1 1 1 1 1 0 1 1 0 1 1 0 1 1 1 1 0 1 0 0 0 1 0 1 0 0 1 0
1 69 -987800546
126 146 -661462576
106 196 -69623020
67 130 -697107318
17 70 -125796920
117 134 -379301770
32 124 -10345519
86 115 -455943243
29 36 -316142440
56 123 -864470898
15 166 -36255155
72 197 -492301772
2 16 -602218041
91 193 -858722459
21 32 -487680164
100 117 -877555676
21 28 -480903484
19 24 -574376011
39 147 -177467739
42 128 -663887899
11 63 -824979995
32 51 -269796479
18 22 -507639238
121 148 -940418674
76 145 -274247346
65 83 -706272487
22 175 -168469234
32 56 -508100985
93 151 -241860873
4 31 -400566723
66 73 -866202424
61 79 -728604389
14 38 -745309098
40 53 -548278686
95 108 -1211277
7 43 -449997525
64 120 -247894593
29 44 -510922266
140 156 -22887601
14 96 -734436925
130 199 -331702083
56 64 -826448019
58 131 -445843066
55 172 -343110276
60 104 -718167534
2 13 -885415689
64 67 -705270025
39 71 -946015334
107 127 -528147666
29 169 -319123273
9 18 -166227317
42 57 -776054903
24 66 -673521646
110 150 -837452425
2 3 -985252691
55 106 -808416795
4 12 -297641965
13 49 -30734064
52 155 -986870491
93 140 -581579445
3 143 -484179369
158 176 -594142082
75 161 -705431147
55 102 -80551171
23 87 -766547339
50 93 -564630658
52 54 -384389857
10 52 -696606098
1 2 -56491701
102 180 -838873101
1 4 -711754917
57 92 -268187471
140 168 -285844085
13 46 -912862266
56 167 -713919884
32 50 -375782560
4 10 -528923203
127 142 -937476297
46 88 -530254301
108 195 -872345347
14 17 -519348966
54 122 -20081480
54 162 -909992490
106 187 -679046845
97 185 -330675789
77 163 -804367098
49 158 -36998133
44 113 -3016346
24 116 -928328276
60 72 -547885342
11 19 -642332032
45 77 -358569416
3 105 -741363870
6 20 -366442157
41 137 -237572141
124 192 -926848567
1 74 -466066621
88 135 -35775029
63 97 -143846960
2 21 -379723218
63 188 -625208344
84 110 -241392919
21 29 -379699426
2 55 -815063076
25 94 -615972864
122 157 -788684474
142 153 -649022867
13 76 -957198762
143 149 -817145980
11 15 -50289710
74 179 -511168110
126 177 -678628369
37 141 -450198149
3 8 -66275935
87 152 -54191806
43 90 -306591143
41 111 -319702633
121 164 -812163771
10 144 -443488118
48 171 -153939792
63 121 -48774703
87 139 -97356879
63 133 -266099675
49 78 -687828529
108 191 -714661155
23 129 -327784523
57 194 -412302336
73 132 -701361445
25 65 -162858541
81 189 -513448110
61 68 -536663032
1 6 -148041088
88 91 -129833694
12 34 -831806992
25 35 -769022750
92 178 -14891462
155 173 -906642340
2 41 -784180258
77 182 -41913634
190 200 -639865027
11 99 -749498538
120 184 -312474527
9 33 -496474729
40 80 -32126650
43 109 -562480451
1 5 -460334242
80 82 -499693632
85 183 -527944632
1 9 -181558452
4 30 -146063211
5 7 -606416874
44 190 -799379728
61 86 -300368931
9 159 -685434677
32 60 -406534405
71 170 -272588065
13 37 -706314149
11 40 -559554932
115 136 -272985984
28 138 -903839617
59 84 -385005204
112 181 -560070864
111 154 -950446503
41 160 -968009640
31 62 -338403124
23 100 -218493130
17 25 -868099273
57 125 -420759951
43 81 -838040920
17 118 -908086641
150 165 -23427534
94 98 -369503839
63 101 -529769162
30 198 -866866045
35 42 -820766268
71 75 -862061460
8 89 -3200699
9 11 -541702303
36 61 -213557637
38 107 -624260272
21 126 -639130365
14 47 -354921970
67 119 -448696743
22 26 -388931803
87 114 -932271161
35 48 -235481649
16 23 -399253798
49 59 -450541316
52 103 -846851966
16 186 -367380197
91 112 -288049981
26 39 -423240695
168 174 -888228657
22 27 -617282750
3 95 -194529961
21 58 -178822855
38 85 -208648397
4 45 -706887955
9 14 -430234731
