1
200 199 140 70
-948966901 -642263890 -777464545 -379017115 -159364645 -420588797 -792835393 -863776201 -353866163 -374578953 -188170438 -140486558 -840768255 -624701725 -910351328 -252420619 -180739356 -477228344 -536630013 -862253303 -935671566 -90549641 -106748022 -155684963 -361031063 -702980625 -52810685 -164087612 -88955533 -41604289 -541806377 -352289884 -93813996 -80354137 -949523762 -922378829 -304211841 -953967790 -282093573 -353141953 -596655073 -85529667 -484583657 -599148414 -680190053 -644844713 -905639130 -913019266 -891399796 -471161413 -101920437 -618977818 -414029953 -746497051 -667982869 -514600303 -17007689 -283597395 -428582976 -935189106 -533158863 -645568197 -221474693 -760673161 -634056247 -193208786 -2596218 -457989122 -385642742 -804155003 -565311866 -167536861 -404226660 -796772285 -357764252 -648895667 -317245174 -85985105 -114732658 -170006215 -523570405 -295270015 -296501027 -747697673 -819172614 -336202221 -307620938 -31351752 -272346195 -446376471 -32721674 -911560668 -443369012 -482859325 -206997092 -190050867 -481440621 -925308692 -60799206 -497582774 -292242086 -276263463 -560478461 -671315770 -719351255 -717691963 -778114671 -945235755 -95943793 -924420094 -520232638 -880419161 -59091504 -939030146 -215678587 -188268556 -771965054 -402528130 -172177781 -727782942 -498700299 -242519135 -387648652 -843434969 -135704720 -799639861 -917363988 -612137234 -363806171 -218748570 -254786360 -995200083 -643051232 -776366965 -306376432 -992645704 -336619577 -291580918 -296909357 -749741983 -268387906 -477090477 -81164658 -388989496 -97613898 -326337629 -683945028 -833755059 -621246561 -52174972 -824343636 -73646359 -117532039 -870824196 -201827637 -696394437 -121732089 -929307139 -481576917 -491231111 -379558821 -74602196 -933915567 -212591712 -918774389 -179418638 -389806080 -424667644 -106292450 -464190858 -536049328 -494137615 -825624929 -431814009 -80013011 -159715453 -552876102 -491647512 -834799095 -768714843 -29984189 -727513036 -31708084 -650170685 -97255401 -836047788 -62226391 -959830081 -654764862 -97556081 -785666647 -695112628 -38547643 -67541476 -103170183 -839390450 -899384781 -387652259 -394402823 -857050544
0 0 1 0 1 1 1 0 1 1 0 0 1 1 1 1 1 0 0 1 1 0 1 0 0 1 0 1 0 0 0 0 0 1 0 0 0 1 1 1 0 1 0 0 0 1 0 0 0 1 1 1 1 0 0 0 0 0 1 0 1 1 0 0 0 0 1 1 0 0 0 1 1 1 0 0 1 1 0 1 0 1 0 0 0 1 1 0 0 0 0 0 1 1 0 0 1 0 1 1 0 0 1 0 0 1 0 1 0 0 1 0 0 1 0 0 1 1 1 0 1 0 1 1 0 1 1 1 0 1 1 1 1 0 1 1 1 1 1 0 1 1 1 0 0 1 0 1 1 0 1 1 0 0 0 0 0 1 1 0 0 0 0 0 0 0 0 1 0 0 1 0 1 1 1 0 0 1 1 1 0 0 1 1 0 0 1 1 0 0 1 1 1 1 1 1 1 1 1 1
93 96 0
16 21 0
62 160 0
16 124 0
20 91 0
7 44 0
25 62 0
26 57 0
5 9 0
91 112 0
57 126 0
25 26 0
108 179 0
31 59 0
1 4 0
18 55 0
2 3 0
116 141 0
13 32 0
129 143 0
42 76 0
37 74 0
77 168 0
9 82 0
29 127 0
115 175 0
167 174 0
8 198 0
14 25 0
22 140 0
42 155 0
13 22 0
24 66 0
66 170 0
83 153 0
33 142 0
59 161 0
3 7 0
9 10 0
100 106 0
76 163 0
51 75 0
17 19 0
10 90 0
4 5 0
88 192 0
27 33 0
134 172 0
59 77 0
12 23 0
101 180 0
1 131 0
66 151 0
31 53 0
90 101 0
30 43 0
93 146 0
38 86 0
193 199 0
8 31 0
9 63 0
3 149 0
41 50 0
61 166 0
43 78 0
85 128 0
48 88 0
23 159 0
93 167 0
21 36 0
92 94 0
30 42 0
17 156 0
46 52 0
53 189 0
2 116 0
68 107 0
58 169 0
11 130 0
96 110 0
62 123 0
71 79 0
1 16 0
19 68 0
74 191 0
106 121 0
59 183 0
111 178 0
43 111 0
82 98 0
16 18 0
126 185 0
5 17 0
165 181 0
20 71 0
89 113 0
21 49 0
112 171 0
36 92 0
1 6 0
67 108 0
10 11 0
39 176 0
22 45 0
40 89 0
126 157 0
77 150 0
155 193 0
107 118 0
98 158 0
28 69 0
38 145 0
41 46 0
47 48 0
46 186 0
67 135 0
20 54 0
190 195 0
44 58 0
4 154 0
154 197 0
57 139 0
27 72 0
54 80 0
21 84 0
11 61 0
53 103 0
45 134 0
69 129 0
52 194 0
21 85 0
62 114 0
15 41 0
135 184 0
6 93 0
138 190 0
27 173 0
8 24 0
112 144 0
25 125 0
55 122 0
32 40 0
13 37 0
30 34 0
74 177 0
96 102 0
3 119 0
143 200 0
84 182 0
42 115 0
133 165 0
89 147 0
63 152 0
5 187 0
27 28 0
98 100 0
64 67 0
112 136 0
36 39 0
16 196 0
51 70 0
10 20 0
46 109 0
114 117 0
1 38 0
13 105 0
1 2 0
26 29 0
96 188 0
71 104 0
24 65 0
1 83 0
86 99 0
10 14 0
49 138 0
85 87 0
152 162 0
60 81 0
61 95 0
3 56 0
21 30 0
62 132 0
33 164 0
55 64 0
46 60 0
3 97 0
79 133 0
5 12 0
6 15 0
19 73 0
77 148 0
44 120 0
19 27 0
24 47 0
17 35 0
1 8 0
8 13 0
72 137 0
21 51 0
