1
200 199 1 0
-631210064 -358650491 -196165798 -79330303 -397048304 -215358256 -33809804 -828313609 -999998372 -567905657 -635778414 -49717498 -722981327 -441373066 -506558620 -672595188 -943004579 -679198584 -257480542 -913648036 -494166968 -100378756 -940343756 -414169120 -252208837 -853953018 -390374009 -797121272 -477415501 -352054426 -911599525 -269886628 -830842491 -196826498 -489572453 -742337963 -979022621 -54812713 -542105300 -5161537 -346992324 -550623194 -360910880 -976135843 -918666841 -296186986 -919438664 -637889041 -561365847 -358604131 -42885272 -533628199 -707902829 -45838736 -620555909 -66345918 -433123692 -826351480 -44963584 -122237745 -206374424 -637536347 -873357091 -21091115 -946085622 -185560905 -435878083 -753556679 -237860723 -75111377 -547747302 -154646014 -412627581 -792889009 -353216744 -231974711 -17379651 -591020794 -181939401 -688866227 -303618265 -23924807 -373373384 -365416281 -822526688 -115511180 -310958098 -213624873 -866973968 -116154684 -480974408 -4783288 -328136875 -334822225 -562218494 -597334345 -244770161 -827630855 -364420123 -692268014 -966301398 -264971945 -69898401 -154342288 -584428109 -355060288 -914680428 -852676168 -359960143 -589321682 -499022094 -513410912 -754660463 -900573958 -914382184 -695518573 -796830030 -2621418 -554555407 -500401151 -281713469 -960229570 -307472165 -801764091 -470476308 -711820332 -802538250 -360114222 -420168504 -20720175 -358114217 -754777235 -545089310 -53354681 -424169254 -101060965 -769916590 -989115490 -653491621 -529624545 -870695075 -127125130 -960044980 -111723422 -839402408 -685042664 -697409190 -907512778 -650246230 -808921013 -878969726 -135195236 -677538428 -463648991 -493312665 -108308733 -721808446 -583456120 -748307547 -79235509 -733177703 -6001291 -226994205 -705710995 -266564960 -854947517 -186031743 -423551404 -85550063 -28405732 -481845634 -211834121 -951411498 -964652615 -988260215 -512000306 -677154787 -430709780 -915846403 -333448870 -61656578 -645030354 -860590550 -719637235 -561924273 -20203803 -521508397 -47215686 -582383136 -503393619 -801923957 -754135906 -626223051 -156478805 -173911308 -702213414 -683532244 -833507654 -712646976 -755025849
0 0 1 1 1 0 0 1 0 1 0 0 0 1 1 0 0 0 0 0 0 0 1 1 1 1 1 1 1 1 1 1 1 0 0 1 0 1 0 0 1 1 1 1 0 1 1 1 0 0 1 1 1 0 1 1 1 0 0 1 1 1 0 0 1 1 1 1 1 0 1 0 0 1 0 0 1 1 1 1 0 1 1 1 1 0 0 1 1 1 1 1 0 1 1 0 0 1 1 1 0 1 0 1 1 0 1 0 1 0 0 1 1 0 1 0 1 0 1 1 1 1 1 0 0 1 0 0 1 0 1 0 1 1 1 1 1 0 1 0 1 0 1 0 1 0 1 1 1 0 1 0 0 1 1 1 0 1 1 0 0 0 0 0 1 0 1 1 0 1 1 0 1 0 0 1 1 1 0 1 1 1 1 1 0 0 1 0 0 0 0 1 0 1 1 1 0 0 1 0
44 148 -585931774
16 138 -651313366
13 71 -193194856
172 178 -21525135
8 10 -490962204
80 142 -22951058
146 154 -795246454
90 101 -65814249
18 22 -893936501
93 95 -113083451
1 2 -306251777
112 140 -538495837
34 48 -115735258
21 72 -870946520
35 39 -594602546
101 104 -230146358
96 193 -778301901
13 19 -702477786
5 116 -421940432
175 200 -616069062
104 141 -92634218
24 50 -89645840
22 81 -84729743
76 133 -317759437
40 90 -6993787
6 34 -205137272
86 196 -466345458
15 27 -185007269
1 51 -329148389
20 76 -921852544
68 119 -863200651
2 43 -171390521
3 15 -444022232
21 38 -101398185
50 128 -983087416
61 102 -882994562
80 183 -193821205
72 164 -937918099
76 79 -931366311
143 162 -437193780
42 58 -678227434
75 168 -722459382
70 160 -288308735
14 40 -288906433
111 185 -592962477
1 3 -921315434
160 195 -368666490
8 85 -202389920
53 60 -422276682
21 32 -273631008
1 4 -266382613
97 108 -487895871
5 46 -902242024
160 191 -687575370
15 26 -24994367
25 54 -502299274
101 144 -128569168
82 110 -716488126
39 131 -252118452
31 96 -580865966
81 158 -831706508
107 121 -800416182
30 49 -376492030
3 11 -702169554
27 89 -713258042
105 159 -940862485
21 35 -495962116
68 143 -189443342
6 7 -859754961
4 12 -545964673
12 25 -639701850
10 124 -909151976
28 36 -635345950
100 118 -208719007
3 6 -743780637
70 98 -424691072
67 126 -166702832
14 156 -263430466
91 109 -560234110
22 73 -685639223
17 65 -609905579
76 167 -404573599
11 20 -306819624
66 100 -940848096
47 187 -932618448
21 68 -854326945
176 182 -822592223
21 106 -281297616
33 41 -572697704
6 13 -673995829
32 55 -958893235
22 130 -346026157
2 16 -395945574
13 18 -485565036
104 134 -901067925
75 99 -957518908
10 29 -869121313
9 61 -65106208
94 113 -674736502
26 177 -213307913
122 161 -961086410
75 165 -304016574
30 33 -564675387
41 146 -910685698
50 199 -863223916
132 155 -292371469
97 112 -414836693
172 198 -254599391
129 179 -317433826
7 188 -684889495
95 181 -217680346
32 169 -890408376
154 174 -929577484
7 24 -447278593
5 9 -33158247
189 192 -349711935
76 184 -469890388
2 8 -58104376
2 37 -867562097
96 132 -93465805
62 115 -422862994
32 82 -451005442
124 172 -767217035
16 151 -247478297
6 42 -11028714
32 111 -338348504
31 86 -547523422
53 190 -40897869
19 75 -107087926
80 150 -954813202
68 69 -993424058
29 62 -725662458
52 80 -13505576
9 129 -865528877
66 139 -282432020
11 14 -79137562
21 64 -828676142
54 153 -743013413
18 31 -289500468
78 186 -970493970
1 17 -917759396
71 83 -916709527
104 107 -743927246
50 59 -200184393
55 84 -74782808
13 149 -365727597
37 152 -952730674
40 93 -899568299
106 171 -865347130
34 103 -506192329
128 189 -955597693
8 180 -177973556
78 97 -640197089
120 137 -191228217
43 123 -827745852
124 147 -379848854
19 23 -346945237
28 53 -89528196
24 44 -390422792
21 87 -754942958
1 63 -611949554
3 5 -811319666
4 21 -515832810
11 66 -825948329
77 166 -384108926
31 170 -840500215
30 52 -932771742
82 135 -272942284
99 105 -691470255
53 67 -15463786
64 74 -384402733
8 91 -605493425
45 136 -34693757
113 122 -796145697
87 163 -521825351
21 57 -699503187
8 56 -682663675
30 92 -593418008
8 197 -709119616
72 78 -76486284
78 94 -998417238
16 45 -216595692
66 176 -841528499
40 194 -494637262
5 117 -851435678
68 145 -441655887
45 157 -315043876
68 70 -270977610
27 30 -329676512
10 47 -878497144
78 120 -11869682
64 77 -718313379
82 175 -525393440
58 114 -4545956
116 125 -933364688
160 173 -580338924
47 127 -896377966
34 88 -941557080
2 28 -694554869
