1
200 183 150 75
-1000000000 -1000000000 -1000000000 -1000000000 -1000000000 -1000000000 -1000000000 -1000000000 -1000000000 -1000000000 -1000000000 -1000000000 -1000000000 -1000000000 -1000000000 -1000000000 -1000000000 -1000000000 -1000000000 -1000000000 -1000000000 -1000000000 -1000000000 -1000000000 -1000000000 -1000000000 -1000000000 -1000000000 -1000000000 -1000000000 -1000000000 -1000000000 -1000000000 -1000000000 -1000000000 -1000000000 -1000000000 -1000000000 -1000000000 -1000000000 -1000000000 -1000000000 -1000000000 -1000000000 -1000000000 -1000000000 -1000000000 -1000000000 -1000000000 -1000000000 -1000000000 -1000000000 -1000000000 -1000000000 -1000000000 -1000000000 -1000000000 -1000000000 -1000000000 -1000000000 -1000000000 -1000000000 -1000000000 -1000000000 -1000000000 -1000000000 -1000000000 -1000000000 -1000000000 -1000000000 -1000000000 -1000000000 -1000000000 -1000000000 -1000000000 -1000000000 -1000000000 -1000000000 -1000000000 -1000000000 -1000000000 -1000000000 -1000000000 -1000000000 -1000000000 -1000000000 -1000000000 -1000000000 -1000000000 -1000000000 -1000000000 -1000000000 -1000000000 -1000000000 -1000000000 -1000000000 -1000000000 -1000000000 -1000000000 -1000000000 -1000000000 -1000000000 -1000000000 -1000000000 -1000000000 -1000000000 -1000000000 -1000000000 -1000000000 -1000000000 -1000000000 -1000000000 -1000000000 -1000000000 -1000000000 -1000000000 -1000000000 -1000000000 -1000000000 -1000000000 -1000000000 -1000000000 -1000000000 -1000000000 -1000000000 -1000000000 -1000000000 -1000000000 -1000000000 -1000000000 -1000000000 -1000000000 -1000000000 -1000000000 -1000000000 -1000000000 -1000000000 -1000000000 -1000000000 -1000000000 -1000000000 -1000000000 -1000000000 -1000000000 -1000000000 -1000000000 -1000000000 -1000000000 -1000000000 -1000000000 -1000000000 -1000000000 -1000000000 -1000000000 -1000000000 -1000000000 -1000000000 -1000000000 -1000000000 -1000000000 -1000000000 -1000000000 -1000000000 -1000000000 -1000000000 -1000000000 -1000000000 -1000000000 -1000000000 -1000000000 -1000000000 -1000000000 -1000000000 -1000000000 -1000000000 -1000000000 -1000000000 -1000000000 -1000000000 -1000000000 -1000000000 -1000000000 -1000000000 -1000000000 -1000000000 -1000000000 -1000000000 -1000000000 -1000000000 -1000000000 -1000000000 -1000000000 -1000000000 -1000000000 -1000000000 -1000000000 -1000000000 -1000000000 -1000000000 -1000000000
1 0 0 1 0 0 1 0 0 1 0 1 0 1 0 1 1 0 1 0 1 0 1 1 0 1 0 0 1 1 0 1 1 1 1 0 0 0 1 1 1 0 0 1 1 1 1 1 1 0 0 0 0 0 1 0 0 1 0 0 1 1 0 1 0 1 0 0 1 1 1 0 0 1 0 0 1 1 0 1 0 0 1 0 1 1 1 0 0 1 0 0 0 0 0 0 0 1 1 1 1 0 1 1 0 0 1 0 0 0 1 1 0 1 1 0 0 0 1 1 0 1 1 0 1 0 0 1 0 0 0 1 1 0 0 1 0 0 1 0 1 1 1 0 0 0 0 0 0 0 0 1 0 0 1 1 0 1 1 0 0 1 1 0 0 1 1 1 1 1 0 1 0 0 0 0 1 0 1 1 1 1 0 0 0 1 1 0 1 1 0 1 1 1 1 0 1 1 1 1
195 198 -1000000000
24 25 -1000000000
170 173 -1000000000
166 177 -1000000000
17 30 -1000000000
107 117 -1000000000
22 26 -1000000000
124 129 -1000000000
4 6 -1000000000
161 170 -1000000000
36 37 -1000000000
143 153 -1000000000
109 111 -1000000000
54 63 -1000000000
76 79 -1000000000
37 43 -1000000000
187 190 -1000000000
81 88 -1000000000
36 38 -1000000000
95 97 -1000000000
189 192 -1000000000
41 45 -1000000000
56 72 -1000000000
18 20 -1000000000
125 134 -1000000000
51 52 -1000000000
17 27 -1000000000
100 104 -1000000000
138 148 -1000000000
137 144 -1000000000
144 145 -1000000000
79 82 -1000000000
5 10 -1000000000
161 181 -1000000000
78 80 -1000000000
178 179 -1000000000
33 34 -1000000000
4 11 -1000000000
88 90 -1000000000
126 131 -1000000000
65 70 -1000000000
74 75 -1000000000
37 39 -1000000000
195 200 -1000000000
101 103 -1000000000
160 161 -1000000000
162 163 -1000000000
142 146 -1000000000
195 196 -1000000000
161 166 -1000000000
14 33 -1000000000
121 123 -1000000000
162 174 -1000000000
187 191 -1000000000
4 5 -1000000000
114 115 -1000000000
109 116 -1000000000
164 165 -1000000000
16 24 -1000000000
64 67 -1000000000
14 16 -1000000000
125 127 -1000000000
98 106 -1000000000
52 53 -1000000000
138 158 -1000000000
2 3 -1000000000
93 94 -1000000000
198 199 -1000000000
138 139 -1000000000
16 29 -1000000000
40 44 -1000000000
70 73 -1000000000
77 86 -1000000000
74 78 -1000000000
169 183 -1000000000
139 141 -1000000000
15 17 -1000000000
163 169 -1000000000
108 109 -1000000000
7 9 -1000000000
14 15 -1000000000
129 130 -1000000000
162 164 -1000000000
59 61 -1000000000
138 152 -1000000000
194 195 -1000000000
47 49 -1000000000
120 121 -1000000000
189 193 -1000000000
56 60 -1000000000
186 188 -1000000000
127 128 -1000000000
6 7 -1000000000
162 168 -1000000000
185 186 -1000000000
20 28 -1000000000
76 77 -1000000000
38 41 -1000000000
107 113 -1000000000
107 108 -1000000000
74 76 -1000000000
1 2 -1000000000
144 150 -1000000000
125 133 -1000000000
28 35 -1000000000
96 105 -1000000000
108 119 -1000000000
125 132 -1000000000
62 66 -1000000000
97 99 -1000000000
57 58 -1000000000
186 187 -1000000000
173 182 -1000000000
19 31 -1000000000
160 162 -1000000000
109 114 -1000000000
194 197 -1000000000
160 167 -1000000000
137 140 -1000000000
172 175 -1000000000
126 135 -1000000000
137 143 -1000000000
62 64 -1000000000
92 93 -1000000000
80 87 -1000000000
7 8 -1000000000
125 126 -1000000000
74 81 -1000000000
65 69 -1000000000
109 118 -1000000000
36 42 -1000000000
54 55 -1000000000
78 84 -1000000000
81 83 -1000000000
145 151 -1000000000
65 68 -1000000000
5 13 -1000000000
125 136 -1000000000
175 180 -1000000000
96 98 -1000000000
55 57 -1000000000
82 85 -1000000000
146 157 -1000000000
175 176 -1000000000
161 171 -1000000000
145 149 -1000000000
174 184 -1000000000
36 40 -1000000000
58 59 -1000000000
138 142 -1000000000
107 112 -1000000000
55 56 -1000000000
163 172 -1000000000
16 19 -1000000000
137 138 -1000000000
21 32 -1000000000
14 18 -1000000000
145 147 -1000000000
50 51 -1000000000
163 178 -1000000000
16 21 -1000000000
187 189 -1000000000
101 102 -1000000000
56 62 -1000000000
57 71 -1000000000
46 48 -1000000000
9 12 -1000000000
100 101 -1000000000
77 91 -1000000000
46 47 -1000000000
108 110 -1000000000
20 22 -1000000000
124 125 -1000000000
21 23 -1000000000
120 122 -1000000000
99 100 -1000000000
138 156 -1000000000
75 89 -1000000000
95 96 -1000000000
155 159 -1000000000
56 65 -1000000000
144 155 -1000000000
153 154 -1000000000
