1
200 199 199 100
-3 -2 -5 -5 -4 -2 -1 -3 -4 -3 -3 -3 -2 0 -1 -2 -3 -1 -2 -5 -5 -4 -3 -2 -2 -5 -4 0 -1 -4 -3 -3 -3 -1 -1 -2 -2 -3 -4 -3 -5 -5 0 -2 -3 -4 -5 -3 -5 -1 -1 -2 -3 -3 -3 0 -5 0 -4 -4 -4 -1 -3 0 -2 -2 -3 -4 -1 -5 0 -4 -4 -2 -1 -5 -3 -4 -5 -1 -3 -4 -1 -5 -5 -3 0 -2 -3 -2 -5 -2 -5 -3 0 -1 -2 -1 -2 -1 -3 -1 -3 -1 -3 -2 -5 -4 -5 0 -2 0 -1 -3 -4 -4 -1 -2 -4 -3 -2 -2 -1 -4 -5 -1 -2 0 -3 -4 -5 -5 -3 -4 -2 -5 -2 -3 -5 -5 -5 -1 -2 -5 -5 0 0 -1 -2 -3 -4 0 0 -2 -1 -4 -1 -1 -2 -1 -3 0 -4 0 -4 -4 0 0 -3 -1 -2 0 -4 -5 -2 -1 -2 -3 0 0 -5 -3 -3 -1 -5 -1 -3 -2 0 0 -5 -3 0 -5 -1 -2 -4 -5 -5 -5
1 1 1 0 0 1 0 1 1 0 0 1 1 1 0 0 1 1 1 0 1 0 1 1 0 1 0 1 0 1 0 1 0 0 1 0 0 1 0 1 0 1 1 1 0 1 0 0 1 0 1 1 1 0 0 1 1 1 1 1 0 0 0 0 0 0 0 1 0 0 1 0 0 1 1 1 0 0 0 0 0 1 0 0 0 0 0 1 0 0 1 0 0 0 0 0 0 0 1 1 0 0 1 1 0 0 1 1 0 1 0 1 1 1 1 1 1 0 1 1 1 1 1 0 1 0 1 1 0 0 1 1 1 0 1 0 1 0 1 1 0 1 1 1 0 1 1 0 0 1 1 1 0 0 0 1 1 1 0 0 1 0 0 0 1 1 0 1 1 1 0 0 0 0 1 0 1 0 1 0 1 1 0 0 0 0 1 1 1 1 1 1 0 0 1 0 0 0 0 0
28 82 -2
13 106 -2
13 41 -1
11 29 -3
73 101 -4
33 70 -5
107 199 -1
86 162 -4
3 7 -1
27 75 0
49 53 0
63 111 0
24 30 -1
6 145 -3
10 18 0
11 31 -1
3 35 -4
54 68 -4
47 109 -4
14 77 -4
12 128 -2
83 86 -1
115 131 -4
31 63 0
74 123 -4
40 103 -3
76 180 0
24 54 -1
24 97 -2
15 113 -5
35 159 -2
98 195 -2
2 43 -4
83 175 -2
44 55 -5
116 142 -1
166 200 -2
65 72 0
115 120 -1
13 19 -4
6 22 -5
86 185 -4
33 61 0
33 45 -2
61 149 0
42 92 -3
181 191 -2
76 129 -3
74 168 -3
2 3 -2
17 125 -5
120 126 -5
121 150 -2
12 138 0
62 182 -2
62 186 -3
23 25 -1
59 60 -1
10 11 -1
47 65 -5
20 140 0
36 134 -3
6 17 -5
26 193 -2
29 46 0
23 24 -3
152 188 -1
30 177 0
136 198 -4
18 33 -5
78 84 -1
5 42 0
51 71 -5
11 179 -3
92 130 -3
142 161 -3
22 52 -4
14 64 -4
10 38 -5
24 47 -2
132 176 -2
19 40 -5
104 147 -1
5 8 0
97 116 -2
58 83 -1
22 23 -2
3 14 -3
70 93 -5
21 166 -4
121 171 -5
11 27 -5
29 34 -3
6 88 -2
116 119 -2
16 20 -3
44 51 -3
16 139 0
34 114 -3
47 67 0
112 148 -4
76 136 -4
9 58 0
87 96 -3
2 124 -5
147 174 -4
68 133 -4
133 167 -5
6 190 -5
17 85 0
65 100 -3
131 152 -4
38 39 -5
36 127 0
8 32 -3
83 172 -5
17 62 0
30 79 -5
3 12 -3
17 44 -2
127 151 -5
17 121 -4
3 6 -2
64 76 -1
143 187 0
96 135 -3
99 165 -4
102 104 0
35 102 -4
54 184 -3
70 173 -4
74 194 0
29 99 0
132 181 -3
108 164 -2
6 16 0
63 66 -5
7 9 -3
27 81 -3
74 78 -5
44 50 0
3 26 -4
28 117 0
96 115 -1
87 107 0
18 170 -4
45 144 -3
96 110 -2
66 89 -1
6 15 -5
32 118 -3
24 49 -4
2 4 -3
14 57 -3
113 153 -5
14 160 -5
8 10 -2
10 13 0
99 157 -4
85 105 -2
43 91 -4
79 143 -3
53 59 -2
44 189 -1
53 158 -3
11 28 -4
7 74 0
42 178 -1
28 69 -2
47 56 -4
52 132 0
37 98 -1
1 5 -1
138 197 -1
73 154 -1
31 146 -3
22 73 -5
44 80 0
123 137 -1
33 36 -2
107 163 -4
1 2 -5
169 183 -4
104 108 -5
68 122 -2
63 94 -3
65 156 -3
86 90 0
11 192 -1
24 169 -2
103 155 -1
67 87 -3
3 21 -1
90 95 0
3 141 -5
22 37 -4
79 112 -3
106 196 0
27 48 -1
