1
200 194 143 71
-5 -16 -3 -10 -15 -13 -20 -3 -12 0 -1 -5 -14 -20 -3 -7 -13 -19 -15 -18 -1 -5 -4 -6 -8 -10 -7 -13 -2 -3 -9 -9 -11 -13 -11 -2 -8 -10 -12 -11 -11 -14 -5 -2 -5 -6 -14 -15 -20 0 -12 -8 -17 0 -16 -7 -20 -12 -5 -18 -7 -12 -6 -7 -1 -12 -6 -17 0 -16 -7 -12 -6 -20 -11 -1 -18 -12 -18 -10 -3 -18 -10 -13 -16 -14 -8 -16 -12 -13 -14 -13 -7 -8 -1 -9 -1 -8 -18 -18 -15 -7 -16 -8 -12 -13 -3 0 -13 -6 -19 -4 -10 -13 -3 -10 -7 -6 -11 -10 -16 -6 -10 -13 -17 -8 -11 -11 -17 -11 -1 -17 -9 -6 -3 -4 -9 -6 -12 -17 -19 -13 -18 -6 -16 -11 -7 -19 -15 -10 -8 -4 -16 -11 -3 -18 -12 -6 -18 -18 -5 -16 -13 0 -7 -1 -19 -8 -3 -12 -11 -3 -9 -1 -7 -7 -10 -20 -1 0 -16 -8 -9 -3 -5 -10 -19 0 -14 0 -18 -16 -4 -11 -9 -7 -4 -14 -11 -10
1 1 1 1 1 1 1 0 1 1 1 1 1 1 1 0 1 0 1 1 0 0 0 0 0 1 1 1 1 1 1 0 0 1 1 0 0 0 1 1 1 0 0 0 1 0 1 0 1 1 1 0 0 1 1 0 0 1 1 1 1 0 1 1 1 1 0 1 1 0 0 0 0 1 1 1 0 1 1 1 1 1 0 1 1 1 1 1 1 1 1 1 0 0 0 0 0 1 0 0 0 1 1 0 1 1 1 1 1 0 0 0 1 1 1 1 1 0 1 1 0 1 1 1 0 1 1 0 0 1 1 0 0 1 0 0 1 1 1 1 0 1 0 1 1 1 1 1 1 0 0 1 1 1 1 0 0 1 0 1 1 1 1 0 1 1 1 1 1 1 1 1 1 0 1 1 0 1 0 0 1 0 1 0 1 1 0 0 0 1 0 1 1 0 1 0 1 1 1 1
150 166 -17
60 64 -10
110 144 -14
76 175 -13
112 158 -9
52 124 -4
32 45 -19
13 71 -19
74 122 -7
8 21 -4
151 187 -19
110 177 -18
6 22 -1
161 200 -9
35 36 -6
78 148 -1
128 168 -6
33 59 -14
29 34 -3
26 112 -5
163 196 -11
14 19 -15
10 14 -1
83 118 -13
25 80 -15
65 195 -20
30 139 -4
178 188 -14
12 51 -11
17 111 -18
2 4 -13
118 136 -19
19 20 -8
60 66 -2
12 17 -2
20 46 -7
66 98 -1
73 87 -5
1 23 -1
68 173 -10
30 150 -18
144 194 -17
106 133 0
9 13 -4
107 109 -19
6 53 -5
103 161 -9
24 82 -6
27 61 -15
66 92 -2
6 35 -17
11 72 -9
72 83 -16
29 113 -12
80 151 -16
105 165 -15
2 10 -1
51 102 -12
53 56 -3
43 74 -8
37 50 -3
55 77 -19
43 75 -10
7 9 -10
137 186 -20
1 8 -15
112 164 -7
119 184 -18
3 12 -14
112 114 -14
95 130 -13
20 129 -10
3 30 -19
101 132 -18
119 142 -8
114 176 -4
8 88 -12
34 39 -13
6 68 -2
3 81 -3
103 106 -16
104 121 -15
6 78 -4
23 138 -1
1 63 -19
6 85 -8
68 180 -5
139 160 -6
3 163 -7
14 189 -4
4 6 -11
107 140 -14
49 119 -12
113 115 -20
5 7 -7
20 24 -5
16 73 -6
41 48 -12
24 86 -18
50 105 -15
64 193 -7
16 60 -19
100 103 -12
4 38 -3
52 126 -6
115 199 0
145 156 -1
114 192 -9
95 149 -16
33 42 -19
1 3 -12
46 94 -3
41 49 -13
121 123 -13
83 99 -13
49 127 -15
92 110 -18
100 174 -16
92 108 -18
27 171 -18
47 76 -7
37 52 -18
122 152 -5
14 25 -7
57 135 -16
37 70 -18
33 95 -13
75 197 -14
26 27 -5
162 190 -19
46 55 -2
13 33 -10
72 100 -20
38 131 -20
22 134 -6
56 125 -8
38 96 -10
43 62 -18
25 28 -17
17 26 -8
83 117 -9
16 43 -15
31 40 -3
10 16 -14
68 90 -12
30 57 -8
134 137 -8
22 97 -2
20 84 -17
20 41 -19
6 191 -14
32 58 -3
2 104 -18
4 5 0
121 181 -7
75 91 -16
77 170 -13
6 69 -14
78 143 0
52 101 -15
12 32 -3
36 65 -10
21 116 0
20 29 -1
69 157 -19
29 198 -10
8 153 -10
70 89 -17
92 159 -6
5 31 -14
13 107 -5
146 172 -14
90 120 -20
1 15 -14
122 147 -15
33 37 -1
1 128 -13
20 47 -3
40 185 0
108 162 -16
65 169 -3
55 179 -13
61 145 -15
44 183 -5
101 178 -14
1 146 -14
12 67 -15
9 44 -13
61 79 -5
58 141 -2
8 11 -6
14 18 -15
71 155 -10
30 54 -18
