1
200 197 109 45
-3 0 -4 -5 -4 0 -5 -3 -2 0 0 -3 -2 -1 -2 0 -5 -1 -4 -5 -4 -5 -1 -3 0 0 0 -3 -2 -2 -4 -1 0 -1 -5 -1 -2 -4 -4 -4 -5 0 -3 -5 0 -4 -2 -4 -4 -5 -3 0 -2 0 -2 -3 -4 0 0 -5 0 0 -1 -4 0 -2 -3 -5 -2 -2 -4 -3 -4 0 -4 -2 -5 -5 -1 -5 -1 0 -2 -2 0 -1 -1 -2 -2 -4 0 -2 -5 0 -2 -3 -3 -1 0 -2 -3 0 -1 -4 -2 -5 -2 -3 -5 0 -2 0 -4 -5 -4 -3 0 -2 -3 -3 -1 -2 0 -5 -5 0 0 -1 -3 -4 -4 -3 -5 -3 -4 -1 0 -3 -5 -5 -5 -2 -2 0 -3 -3 -2 -2 -3 -1 -2 -1 -1 -5 -2 -4 -4 0 -5 0 -3 -2 -4 0 -4 -1 -2 -1 -3 0 -1 -4 -3 -1 -1 -2 -4 -1 -4 -1 -1 0 0 -4 0 -2 -5 -5 -5 -3 0 -4 -2 -3 -3 -2 -5 -5 -5 -3
0 0 1 1 1 1 0 0 0 1 1 1 1 1 1 0 1 1 1 1 0 0 1 1 1 1 1 1 0 0 1 0 1 0 1 0 0 1 0 0 0 0 1 1 1 0 1 0 0 0 0 1 0 1 0 1 1 0 1 0 1 1 1 1 1 0 1 1 1 0 0 0 1 0 1 1 0 0 0 0 1 0 0 0 0 1 1 1 1 1 1 1 0 0 0 1 0 0 1 1 0 1 0 1 1 1 1 1 1 1 0 1 0 0 0 1 1 0 0 1 1 0 0 1 0 0 0 0 1 0 1 0 0 1 0 0 0 0 0 1 0 1 1 0 0 0 0 0 0 1 1 1 1 1 0 0 0 1 0 0 0 1 1 0 1 0 0 0 1 1 1 0 1 0 1 0 1 1 1 0 1 0 0 0 0 1 0 1 0 0 0 0 0 0 1 0 1 1 1 1
155 198 -4
5 43 -1
2 35 -5
141 149 -2
51 109 0
10 55 -4
18 128 -3
47 175 -5
20 66 0
9 76 -3
42 146 -2
43 105 -1
106 157 0
5 24 -1
51 196 -2
105 108 -3
40 180 -2
12 27 -1
150 151 -2
15 47 -1
11 13 -3
10 45 -4
107 164 -3
108 137 -4
4 92 -4
42 54 -3
16 22 -4
69 106 -2
78 119 0
2 57 -5
125 148 -2
168 179 0
150 182 -4
71 77 0
18 30 -5
9 48 0
155 190 -3
1 78 -5
34 88 -1
27 82 -1
10 26 -3
6 195 0
137 199 -5
60 122 -1
27 86 -2
110 131 -5
16 28 0
39 150 -4
13 20 -5
37 61 0
27 69 -4
50 89 -2
25 84 -5
42 123 -1
3 7 -5
49 65 -5
1 3 -5
1 19 -3
111 171 -1
46 155 -4
63 74 -3
18 130 -3
42 75 -2
13 32 0
113 121 -2
50 60 -4
151 193 -5
56 91 -3
45 120 -4
27 107 -3
37 111 -4
10 161 -5
59 62 -2
3 5 -2
1 49 -5
54 80 -4
14 18 0
18 79 -5
19 73 -1
28 183 -4
20 94 -2
15 192 -2
17 187 -5
87 158 -4
9 23 -3
3 8 0
13 36 -1
145 156 -2
59 104 -5
81 102 -4
97 112 -5
36 96 -4
77 162 -2
36 53 -4
127 153 -3
15 33 -2
4 90 -2
21 42 -3
121 188 -4
6 17 -5
60 64 0
14 67 -5
25 68 -1
43 116 -2
4 9 -3
35 197 -5
134 191 -4
16 72 -1
38 189 -3
5 11 0
33 34 0
7 118 -5
17 37 -4
2 4 -1
22 25 -1
2 160 -3
5 56 -3
117 152 -2
1 2 -2
46 165 0
6 44 0
13 40 -1
41 46 -2
9 115 -1
126 170 -5
20 173 -5
7 169 -1
99 113 0
3 12 -4
9 15 0
83 99 -4
29 51 -2
141 185 0
119 176 -1
34 38 -5
80 142 -1
49 145 -3
4 10 -1
3 184 0
71 172 -1
4 16 0
29 101 -4
40 138 -1
120 194 -2
93 159 -4
1 29 -1
94 144 -1
16 186 0
13 59 0
70 100 -2
111 178 0
132 133 -1
112 181 -2
60 110 -2
9 83 -2
6 50 -5
38 200 -4
21 97 0
63 93 -2
23 58 -1
13 14 -5
49 132 0
82 167 -2
22 70 -2
31 135 0
15 168 0
30 52 -1
64 117 -4
41 103 -3
87 163 -5
99 147 -3
31 127 0
99 166 -4
22 85 0
62 143 -2
2 6 -2
33 125 -2
45 63 -5
39 139 -2
108 126 -3
13 31 -3
109 177 -2
37 95 -5
74 154 0
6 41 -5
38 136 0
78 124 -2
96 129 -1
136 141 -1
42 71 -4
54 98 -4
17 81 0
28 39 0
47 87 -2
57 174 -5
28 114 -3
37 140 -3
