1
200 197 158 5
-344493793 -184365733 -308429605 -880627811 -884343063 -333091600 -495921381 -413598748 -651685967 -471468922 -664687677 -867792892 -186424275 -274309277 -868415329 -679235383 -957464888 -903607493 -886529059 -195209904 -666340852 -331362425 -368492001 -944477768 -344718291 -586657466 -734697378 -75253357 -322622160 -376236251 -754326104 -577502861 -210940540 -632075124 -222094396 -685696898 -195819806 -93981216 -969184452 -341644006 -3895374 -115982412 -483366772 -56587677 -659385113 -865839466 -118453520 -115027483 -311637 -961702936 -277166581 -992858959 -388095051 -451059878 -885760073 -981642176 -668257769 -312627188 -687493313 -386244067 -11389971 -600410599 -161380997 -50091873 -959211593 -388097210 -38418984 -882751084 -609690682 -271284285 -846165009 -670822679 -822356427 -237388004 -294932797 -297663127 -488330110 -814232927 -118901299 -597573150 -804840035 -198084680 -987250772 -397726502 -117472011 -758519799 -854227073 -396945599 -942195573 -294432261 -904819120 -549440991 -254396528 -920846894 -511959654 -49474182 -881736606 -994939946 -751167746 -615809208 -919136224 -151292023 -701400425 -661152718 -777365765 -402860294 -484305535 -761384425 -208716022 -231029217 -703880914 -222734269 -490071729 -135754779 -991081087 -197947913 -168430109 -618672994 -461423085 -950935181 -214816063 -628544569 -351186994 -450820268 -543332027 -569274608 -5172282 -393660441 -109681432 -218469406 -509101444 -802945882 -303476873 -748466201 -274518773 -253128727 -1355149 -553028261 -697345158 -356002841 -323085772 -539160555 -912825494 -401525887 -167644719 -91387921 -589713693 -507606454 -764308989 -583874833 -385134472 -304354232 -936044511 -128216059 -550092645 -377777561 -96648636 -874051217 -443020799 -759813839 -315682614 -213813902 -673621761 -276850242 -605820095 -970678345 -248712578 -553336462 -446502724 -813045840 -152755380 -851606114 -401031638 -93176828 -552090156 -350685415 -702193590 -197045733 -694539140 -563646618 -5006536 -156970116 -579623751 -924111842 -584013308 -197177911 -627383951 -157232284 -214170316 -374095448 -838393513 -703595309 -813813597 -984547575 -298337918 -520510486 -247289909 -829582480 -520373765 -576953329
0 1 0 0 1 1 0 0 1 1 0 1 0 1 0 0 0 0 1 0 0 0 0 0 0 0 0 0 1 0 0 0 0 1 1 0 1 0 0 0 1 0 0 0 0 0 1 1 0 1 0 0 0 0 0 0 1 1 0 1 0 0 0 1 0 1 1 0 0 1 0 0 0 0 1 0 1 0 1 0 0 1 0 0 1 0 1 1 1 1 0 0 0 0 0 1 1 0 0 1 0 0 1 0 0 0 1 0 0 1 1 1 1 1 0 0 1 0 0 0 0 1 0 1 0 1 1 0 0 1 1 0 0 0 0 1 1 0 0 1 0 0 0 1 0 0 0 1 0 0 0 1 1 1 1 1 0 0 0 0 0 1 1 1 0 1 1 1 1 0 0 0 0 0 0 1 0 1 0 1 0 0 0 1 0 1 0 0 0 1 0 0 1 0 0 0 0 0 0 0
55 99 -978822407
75 137 -690537771
84 127 -955934608
145 147 -981004791
88 93 -279200298
26 78 -20396074
35 130 -709695044
88 90 -311590542
36 56 -100307373
11 70 -648340479
14 72 -888749563
23 30 -924424104
29 37 -521098449
56 81 -686593249
15 39 -617488094
1 110 -200094457
47 48 -640704781
51 164 -943595473
132 150 -623243351
132 182 -214269344
114 120 -761958561
25 108 -349042663
115 192 -488883847
59 89 -620105806
27 112 -183322054
2 121 -501264486
98 145 -316238616
15 64 -416565105
63 68 -627611099
1 2 -691544159
96 183 -685443048
11 125 -100585334
56 197 -366982619
21 67 -790677423
138 189 -40381345
43 66 -59944916
1 105 -837173642
124 175 -427269561
20 132 -455711451
92 154 -913406237
81 170 -168388086
7 58 -527376964
129 167 -540084679
86 114 -498809394
23 41 -162781849
160 194 -809912000
81 200 -586681289
51 122 -511387829
23 25 -452891711
53 148 -388895550
124 184 -307673023
7 29 -673818366
30 38 -808222520
112 135 -377462112
15 19 -663482521
48 76 -709127584
23 43 -847241215
39 96 -777363384
2 7 -153219101
72 172 -320488241
26 73 -702054760
60 65 -728438330
25 32 -9079471
6 50 -44104849
41 168 -922028987
117 180 -984237105
10 84 -459956535
13 40 -695444744
2 3 -370463328
56 171 -480649634
81 107 -485036578
38 44 -169488960
15 126 -161343391
72 179 -954501667
1 13 -86873854
112 186 -412848860
34 62 -70990264
52 109 -610615301
5 6 -85837730
93 119 -881504760
10 91 -356018400
13 51 -46150951
106 128 -102495674
63 134 -590936740
80 94 -297065746
110 195 -387957116
29 136 -64340511
1 10 -687350553
65 79 -624378252
8 45 -403737793
127 188 -142986271
29 198 -392353931
98 190 -508981817
50 98 -9131381
61 71 -438976346
48 61 -748059694
28 83 -783195429
123 196 -958583769
61 159 -723842877
18 185 -920423244
9 21 -949327200
121 165 -197489260
125 158 -55705218
2 143 -458326758
52 101 -865477908
3 113 -280410431
61 75 -929505357
17 20 -48291013
14 34 -694876749
72 102 -48986753
57 199 -630792897
6 97 -768541233
62 88 -344844995
3 11 -52337747
88 163 -859554505
63 162 -444360381
57 156 -853813852
6 86 -135076424
51 87 -146220675
2 22 -167538163
47 157 -506091307
27 169 -696801530
10 52 -580833311
117 131 -885250083
3 4 -17272598
143 177 -103455516
4 28 -253239451
1 5 -452377532
11 15 -839694175
81 140 -348266738
48 53 -896603551
24 181 -49031761
90 95 -580259006
97 155 -548159371
85 104 -868766711
8 151 -203861095
14 111 -905748041
62 77 -86704703
3 17 -385187065
95 178 -206103512
84 116 -848588659
35 42 -208910217
11 82 -441171307
52 92 -170832601
54 55 -914060971
18 187 -704411648
43 161 -361520978
32 33 -99421483
103 160 -176191906
14 23 -177075805
11 118 -751201725
32 141 -736099848
13 27 -562707121
45 129 -515831725
45 47 -942663404
12 153 -851149698
153 166 -938040000
42 60 -420305408
1 8 -680444238
44 103 -164022652
40 54 -636382426
98 146 -25676938
46 69 -179950252
16 133 -146478428
110 123 -140638917
18 115 -156249980
4 26 -274428552
8 9 -832645885
37 173 -218297285
46 57 -575006202
44 46 -549209423
68 152 -139042362
19 59 -287778029
92 124 -807097661
188 191 -973673442
7 16 -146000238
6 80 -256558607
100 176 -743767432
3 31 -940853934
77 174 -866449530
37 149 -181071973
13 49 -192369946
2 12 -720542591
116 138 -418183965
38 74 -492397148
151 193 -255519606
86 100 -779783038
100 117 -806916357
116 144 -74544871
26 106 -271887295
24 35 -56292201
79 139 -443716980
124 142 -62020416
11 63 -890591968
14 18 -136874745
81 85 -944837832
2 14 -862397062
