1
200 199 151 71
-1000000000 -1000000000 -1000000000 -1000000000 -1000000000 -1000000000 -1000000000 -1000000000 -1000000000 -1000000000 -1000000000 -1000000000 -1000000000 -1000000000 -1000000000 -1000000000 -1000000000 -1000000000 -1000000000 -1000000000 -1000000000 -1000000000 -1000000000 -1000000000 -1000000000 -1000000000 -1000000000 -1000000000 -1000000000 -1000000000 -1000000000 -1000000000 -1000000000 -1000000000 -1000000000 -1000000000 -1000000000 -1000000000 -1000000000 -1000000000 -1000000000 -1000000000 -1000000000 -1000000000 -1000000000 -1000000000 -1000000000 -1000000000 -1000000000 -1000000000 -1000000000 -1000000000 -1000000000 -1000000000 -1000000000 -1000000000 -1000000000 -1000000000 -1000000000 -1000000000 -1000000000 -1000000000 -1000000000 -1000000000 -1000000000 -1000000000 -1000000000 -1000000000 -1000000000 -1000000000 -1000000000 -1000000000 -1000000000 -1000000000 -1000000000 -1000000000 -1000000000 -1000000000 -1000000000 -1000000000 -1000000000 -1000000000 -1000000000 -1000000000 -1000000000 -1000000000 -1000000000 -1000000000 -1000000000 -1000000000 -1000000000 -1000000000 -1000000000 -1000000000 -1000000000 -1000000000 -1000000000 -1000000000 -1000000000 -1000000000 -1000000000 -1000000000 -1000000000 -1000000000 -1000000000 -1000000000 -1000000000 -1000000000 -1000000000 -1000000000 -1000000000 -1000000000 -1000000000 -1000000000 -1000000000 -1000000000 -1000000000 -1000000000 -1000000000 -1000000000 -1000000000 -1000000000 -1000000000 -1000000000 -1000000000 -1000000000 -1000000000 -1000000000 -1000000000 -1000000000 -1000000000 -1000000000 -1000000000 -1000000000 -1000000000 -1000000000 -1000000000 -1000000000 -1000000000 -1000000000 -1000000000 -1000000000 -1000000000 -1000000000 -1000000000 -1000000000 -1000000000 -1000000000 -1000000000 -1000000000 -1000000000 -1000000000 -1000000000 -1000000000 -1000000000 -1000000000 -1000000000 -1000000000 -1000000000 -1000000000 -1000000000 -1000000000 -1000000000 -1000000000 -1000000000 -1000000000 -1000000000 -1000000000 -1000000000 -1000000000 -1000000000 -1000000000 -1000000000 -1000000000 -1000000000 -1000000000 -1000000000 -1000000000 -1000000000 -1000000000 -1000000000 -1000000000 -1000000000 -1000000000 -1000000000 -1000000000 -1000000000 -1000000000 -1000000000 -1000000000 -1000000000 -1000000000 -1000000000 -1000000000 -1000000000 -1000000000 -1000000000 -1000000000 -1000000000 -1000000000
1 1 1 1 0 0 0 1 1 1 1 0 0 1 1 1 1 1 1 1 1 1 1 1 0 1 1 0 1 1 0 1 1 0 1 1 1 1 1 0 1 0 0 1 0 1 1 1 1 1 1 1 1 1 1 0 0 1 1 1 1 0 1 0 0 1 0 1 1 0 1 1 0 1 1 0 0 0 0 0 1 0 0 0 0 0 0 0 0 1 1 0 1 1 0 1 1 1 1 1 1 1 1 0 1 1 1 1 1 1 1 1 0 1 1 1 0 1 0 0 0 0 1 1 1 1 0 1 1 1 1 1 1 1 1 0 0 0 0 0 1 0 1 1 1 1 0 1 1 0 0 1 1 1 0 1 0 1 0 1 1 0 0 1 0 1 1 1 0 1 1 1 1 1 1 1 1 0 0 0 0 1 1 1 1 0 1 1 0 1 1 0 0 0 0 1 1 1 1 0
3 35 -1000000000
48 140 -1000000000
17 62 -1000000000
106 186 -1000000000
9 13 -1000000000
34 94 -1000000000
19 21 -1000000000
86 132 -1000000000
97 171 -1000000000
77 168 -1000000000
18 68 -1000000000
6 90 -1000000000
142 198 -1000000000
81 128 -1000000000
2 3 -1000000000
108 190 -1000000000
11 31 -1000000000
44 79 -1000000000
23 83 -1000000000
50 104 -1000000000
25 60 -1000000000
2 39 -1000000000
113 179 -1000000000
123 146 -1000000000
17 24 -1000000000
11 70 -1000000000
23 65 -1000000000
2 22 -1000000000
16 20 -1000000000
118 124 -1000000000
14 17 -1000000000
72 113 -1000000000
24 151 -1000000000
43 118 -1000000000
8 76 -1000000000
35 105 -1000000000
14 50 -1000000000
80 162 -1000000000
126 175 -1000000000
10 11 -1000000000
29 64 -1000000000
139 189 -1000000000
75 135 -1000000000
49 156 -1000000000
33 138 -1000000000
10 61 -1000000000
110 200 -1000000000
37 59 -1000000000
48 117 -1000000000
28 164 -1000000000
123 134 -1000000000
12 57 -1000000000
18 32 -1000000000
19 29 -1000000000
2 44 -1000000000
94 197 -1000000000
1 5 -1000000000
1 7 -1000000000
7 36 -1000000000
62 149 -1000000000
29 69 -1000000000
83 103 -1000000000
39 136 -1000000000
142 174 -1000000000
38 112 -1000000000
22 78 -1000000000
112 191 -1000000000
25 54 -1000000000
22 46 -1000000000
32 38 -1000000000
17 109 -1000000000
22 87 -1000000000
160 196 -1000000000
40 170 -1000000000
8 131 -1000000000
3 116 -1000000000
28 99 -1000000000
21 63 -1000000000
11 121 -1000000000
61 77 -1000000000
21 53 -1000000000
73 180 -1000000000
90 176 -1000000000
33 122 -1000000000
62 141 -1000000000
13 97 -1000000000
66 92 -1000000000
31 67 -1000000000
57 173 -1000000000
48 143 -1000000000
15 89 -1000000000
19 73 -1000000000
68 167 -1000000000
91 114 -1000000000
56 111 -1000000000
59 169 -1000000000
34 192 -1000000000
58 159 -1000000000
12 30 -1000000000
56 72 -1000000000
122 172 -1000000000
7 98 -1000000000
31 49 -1000000000
4 41 -1000000000
43 51 -1000000000
18 28 -1000000000
133 157 -1000000000
100 102 -1000000000
130 139 -1000000000
12 86 -1000000000
95 115 -1000000000
142 185 -1000000000
4 15 -1000000000
6 119 -1000000000
5 16 -1000000000
52 148 -1000000000
92 108 -1000000000
43 91 -1000000000
161 193 -1000000000
23 43 -1000000000
35 40 -1000000000
71 95 -1000000000
8 12 -1000000000
59 107 -1000000000
100 127 -1000000000
10 47 -1000000000
28 34 -1000000000
43 187 -1000000000
39 125 -1000000000
1 2 -1000000000
31 84 -1000000000
4 6 -1000000000
2 4 -1000000000
5 19 -1000000000
51 137 -1000000000
19 74 -1000000000
6 9 -1000000000
81 133 -1000000000
39 71 -1000000000
34 123 -1000000000
78 181 -1000000000
3 25 -1000000000
65 188 -1000000000
167 199 -1000000000
19 142 -1000000000
8 23 -1000000000
32 88 -1000000000
132 153 -1000000000
87 152 -1000000000
11 18 -1000000000
15 58 -1000000000
40 48 -1000000000
3 93 -1000000000
158 160 -1000000000
8 66 -1000000000
82 163 -1000000000
9 10 -1000000000
41 96 -1000000000
103 184 -1000000000
20 26 -1000000000
25 56 -1000000000
59 81 -1000000000
21 33 -1000000000
74 194 -1000000000
20 100 -1000000000
36 55 -1000000000
1 52 -1000000000
3 45 -1000000000
27 155 -1000000000
157 177 -1000000000
67 130 -1000000000
177 195 -1000000000
75 147 -1000000000
94 166 -1000000000
9 27 -1000000000
3 14 -1000000000
24 110 -1000000000
93 161 -1000000000
69 144 -1000000000
1 129 -1000000000
13 158 -1000000000
2 101 -1000000000
19 182 -1000000000
89 154 -1000000000
80 178 -1000000000
74 75 -1000000000
114 120 -1000000000
55 82 -1000000000
81 106 -1000000000
73 183 -1000000000
15 37 -1000000000
32 150 -1000000000
85 165 -1000000000
119 126 -1000000000
43 80 -1000000000
19 85 -1000000000
8 42 -1000000000
6 8 -1000000000
144 145 -1000000000
