1
200 199 195 0
-1000000000 -1000000000 -1000000000 -1000000000 -1000000000 -1000000000 -1000000000 -1000000000 -1000000000 -1000000000 -1000000000 -1000000000 -1000000000 -1000000000 -1000000000 -1000000000 -1000000000 -1000000000 -1000000000 -1000000000 -1000000000 -1000000000 -1000000000 -1000000000 -1000000000 -1000000000 -1000000000 -1000000000 -1000000000 -1000000000 -1000000000 -1000000000 -1000000000 -1000000000 -1000000000 -1000000000 -1000000000 -1000000000 -1000000000 -1000000000 -1000000000 -1000000000 -1000000000 -1000000000 -1000000000 -1000000000 -1000000000 -1000000000 -1000000000 -1000000000 -1000000000 -1000000000 -1000000000 -1000000000 -1000000000 -1000000000 -1000000000 -1000000000 -1000000000 -1000000000 -1000000000 -1000000000 -1000000000 -1000000000 -1000000000 -1000000000 -1000000000 -1000000000 -1000000000 -1000000000 -1000000000 -1000000000 -1000000000 -1000000000 -1000000000 -1000000000 -1000000000 -1000000000 -1000000000 -1000000000 -1000000000 -1000000000 -1000000000 -1000000000 -1000000000 -1000000000 -1000000000 -1000000000 -1000000000 -1000000000 -1000000000 -1000000000 -1000000000 -1000000000 -1000000000 -1000000000 -1000000000 -1000000000 -1000000000 -1000000000 -1000000000 -1000000000 -1000000000 -1000000000 -1000000000 -1000000000 -1000000000 -1000000000 -1000000000 -1000000000 -1000000000 -1000000000 -1000000000 -1000000000 -1000000000 -1000000000 -1000000000 -1000000000 -1000000000 -1000000000 -1000000000 -1000000000 -1000000000 -1000000000 -1000000000 -1000000000 -1000000000 -1000000000 -1000000000 -1000000000 -1000000000 -1000000000 -1000000000 -1000000000 -1000000000 -1000000000 -1000000000 -1000000000 -1000000000 -1000000000 -1000000000 -1000000000 -1000000000 -1000000000 -1000000000 -1000000000 -1000000000 -1000000000 -1000000000 -1000000000 -1000000000 -1000000000 -1000000000 -1000000000 -1000000000 -1000000000 -1000000000 -1000000000 -1000000000 -1000000000 -1000000000 -1000000000 -1000000000 -1000000000 -1000000000 -1000000000 -1000000000 -1000000000 -1000000000 -1000000000 -1000000000 -1000000000 -1000000000 -1000000000 -1000000000 -1000000000 -1000000000 -1000000000 -1000000000 -1000000000 -1000000000 -1000000000 -1000000000 -1000000000 -1000000000 -1000000000 -1000000000 -1000000000 -1000000000 -1000000000 -1000000000 -1000000000 -1000000000 -1000000000 -1000000000 -1000000000 -1000000000 -1000000000 -1000000000 -1000000000
1 1 1 0 1 0 1 1 0 1 1 1 1 1 0 1 0 1 0 1 0 0 0 0 1 1 0 0 1 1 1 0 0 0 0 1 1 0 1 1 0 1 1 1 1 0 0 0 0 0 0 1 1 1 0 0 1 0 0 1 1 0 1 0 0 0 1 1 1 1 1 1 1 0 0 0 1 1 1 0 0 1 0 0 0 1 1 0 0 0 1 1 1 1 0 0 0 1 0 1 0 0 1 0 0 1 0 1 0 1 0 0 1 0 0 0 0 1 1 1 0 1 1 0 1 1 1 0 1 1 0 0 1 0 1 0 0 1 1 1 1 0 1 0 0 1 0 0 1 1 0 1 0 0 0 0 0 0 1 1 1 1 0 0 0 1 0 0 1 0 1 1 0 1 1 1 0 0 0 0 0 0 0 0 1 0 0 1 1 0 1 0 1 1 0 1 1 1 1 0
11 69 -1000000000
102 144 -1000000000
3 25 -1000000000
42 50 -1000000000
93 121 -1000000000
49 88 -1000000000
100 148 -1000000000
52 128 -1000000000
3 14 -1000000000
58 194 -1000000000
28 100 -1000000000
26 87 -1000000000
96 178 -1000000000
23 162 -1000000000
173 179 -1000000000
58 60 -1000000000
115 166 -1000000000
5 32 -1000000000
1 8 -1000000000
4 21 -1000000000
8 31 -1000000000
40 81 -1000000000
116 145 -1000000000
72 101 -1000000000
25 106 -1000000000
11 123 -1000000000
60 118 -1000000000
153 161 -1000000000
50 139 -1000000000
7 12 -1000000000
50 117 -1000000000
82 137 -1000000000
15 197 -1000000000
6 116 -1000000000
40 152 -1000000000
126 165 -1000000000
6 38 -1000000000
118 120 -1000000000
5 86 -1000000000
72 97 -1000000000
2 19 -1000000000
32 52 -1000000000
50 131 -1000000000
14 15 -1000000000
27 82 -1000000000
15 55 -1000000000
120 158 -1000000000
66 195 -1000000000
52 96 -1000000000
48 54 -1000000000
22 108 -1000000000
7 26 -1000000000
91 95 -1000000000
63 132 -1000000000
3 17 -1000000000
31 129 -1000000000
40 133 -1000000000
6 59 -1000000000
80 112 -1000000000
10 35 -1000000000
60 64 -1000000000
74 157 -1000000000
19 92 -1000000000
47 143 -1000000000
90 104 -1000000000
30 49 -1000000000
4 170 -1000000000
58 126 -1000000000
108 154 -1000000000
30 98 -1000000000
77 189 -1000000000
15 27 -1000000000
2 4 -1000000000
185 188 -1000000000
48 138 -1000000000
52 125 -1000000000
2 3 -1000000000
13 45 -1000000000
29 47 -1000000000
9 89 -1000000000
94 142 -1000000000
10 167 -1000000000
28 34 -1000000000
181 184 -1000000000
156 186 -1000000000
1 6 -1000000000
50 187 -1000000000
1 62 -1000000000
63 102 -1000000000
34 73 -1000000000
72 80 -1000000000
43 164 -1000000000
55 99 -1000000000
111 168 -1000000000
29 107 -1000000000
82 147 -1000000000
2 109 -1000000000
67 169 -1000000000
2 29 -1000000000
79 127 -1000000000
3 28 -1000000000
5 67 -1000000000
7 30 -1000000000
11 190 -1000000000
10 77 -1000000000
1 2 -1000000000
6 37 -1000000000
41 175 -1000000000
34 119 -1000000000
14 20 -1000000000
12 63 -1000000000
81 110 -1000000000
34 182 -1000000000
188 192 -1000000000
60 135 -1000000000
33 78 -1000000000
86 111 -1000000000
16 22 -1000000000
17 136 -1000000000
124 134 -1000000000
4 5 -1000000000
32 115 -1000000000
121 130 -1000000000
123 176 -1000000000
25 191 -1000000000
30 58 -1000000000
135 159 -1000000000
24 51 -1000000000
21 48 -1000000000
55 151 -1000000000
26 41 -1000000000
34 156 -1000000000
38 43 -1000000000
42 153 -1000000000
17 42 -1000000000
51 84 -1000000000
24 57 -1000000000
100 171 -1000000000
4 105 -1000000000
14 36 -1000000000
27 53 -1000000000
58 61 -1000000000
25 155 -1000000000
28 68 -1000000000
71 83 -1000000000
8 13 -1000000000
70 74 -1000000000
141 193 -1000000000
2 39 -1000000000
72 124 -1000000000
25 40 -1000000000
5 24 -1000000000
18 91 -1000000000
11 16 -1000000000
46 70 -1000000000
119 198 -1000000000
87 185 -1000000000
83 150 -1000000000
110 114 -1000000000
71 75 -1000000000
145 172 -1000000000
11 33 -1000000000
128 177 -1000000000
39 113 -1000000000
12 65 -1000000000
16 199 -1000000000
25 173 -1000000000
151 200 -1000000000
15 56 -1000000000
64 160 -1000000000
2 23 -1000000000
3 44 -1000000000
35 66 -1000000000
103 122 -1000000000
37 46 -1000000000
4 90 -1000000000
44 181 -1000000000
22 85 -1000000000
6 7 -1000000000
1 11 -1000000000
92 180 -1000000000
17 18 -1000000000
1 9 -1000000000
28 149 -1000000000
13 79 -1000000000
20 76 -1000000000
9 103 -1000000000
7 10 -1000000000
33 174 -1000000000
19 146 -1000000000
68 71 -1000000000
127 196 -1000000000
12 140 -1000000000
111 163 -1000000000
53 94 -1000000000
38 72 -1000000000
55 141 -1000000000
165 183 -1000000000
66 93 -1000000000
