1
200 191 105 0
-417925990 -271041146 -583655147 -21703539 -257746682 -337817015 -40496026 -293814341 -427618551 -814976029 -350991929 -194086846 -837100423 -429717531 -66471657 -303457031 -959504991 -17569152 -749763114 -586616123 -605050285 -50359861 -291177996 -347727723 -583472647 -878083204 -830915981 -916503899 -239676644 -256594947 -81232987 -318582927 -669215719 -932549888 -926140246 -795485225 -575664633 -842578754 -531352070 -193802614 -531437911 -324308404 -205148365 -339077382 -316489367 -304288305 -615456321 -834097408 -371390887 -605013198 -327504508 -256265822 -385272604 -618637093 -69595107 -676573194 -468492380 -631615382 -958588382 -565284193 -318420276 -960404402 -916271068 -416521406 -781387498 -563023373 -576465 -247058599 -36287995 -379301002 -861465040 -873102036 -728016804 -603480621 -956865354 -655065511 -988401781 -539850111 -768865638 -464770658 -587596202 -293449128 -785482451 -653924069 -871101511 -475052464 -101338789 -339548755 -290797830 -235049455 -884690770 -501906768 -551102541 -387334906 -605370247 -390195355 -288066253 -340986473 -275959649 -317310169 -679725607 -784454300 -290380484 -896693459 -68828439 -86958017 -751187060 -440794269 -243795492 -659145554 -92128104 -100217155 -997135680 -49712681 -118020330 -425681588 -956452189 -211640266 -822149392 -50850795 -904453969 -855019330 -650290992 -879760135 -922127574 -656918725 -957772059 -4544848 -262074166 -232825966 -958760735 -327255934 -385067534 -461350946 -654044408 -830837173 -399149108 -686082399 -234629518 -103565410 -476851230 -637384412 -36390505 -729563164 -612259072 -524372754 -306222969 -428313158 -628391592 -268756099 -440968932 -358443545 -994167589 -545578044 -826083276 -520238115 -906392334 -730500393 -692069854 -519886741 -330841328 -918031559 -195216852 -770056003 -93112590 -515047962 -217690516 -345397102 -703933793 -800339255 -544390271 -122986087 -865338294 -778983690 -246761776 -630940362 -530354561 -293528105 -287904222 -789974010 -532812488 -36751927 -560787654 -75253573 -744097767 -537195326 -28025754 -395957560 -614835416 -241543972 -488118664 -6228101 -673123270 -285524191 -670866186 -240374074 -236465266 -497241642 -224996344 -702520539
0 0 0 0 0 1 0 0 1 0 0 1 0 0 1 0 0 0 0 0 1 0 0 0 0 0 0 0 0 0 1 0 0 0 0 0 0 1 0 1 0 1 1 0 1 1 0 0 0 0 1 0 0 1 0 0 1 0 0 1 0 1 0 0 0 0 0 0 0 0 0 1 1 1 1 0 0 0 0 0 0 0 0 1 0 0 1 0 0 0 0 0 0 0 1 1 0 0 0 0 0 0 1 0 0 0 0 1 1 1 0 0 0 0 1 0 1 0 1 1 1 0 1 0 0 1 0 1 0 0 1 1 0 0 0 0 1 1 0 0 0 0 1 0 0 0 0 1 1 0 1 0 0 0 0 1 0 0 1 0 0 0 0 0 0 0 0 0 0 0 0 0 1 0 1 1 0 1 0 0 0 0 1 1 1 0 0 0 0 1 1 0 1 0 0 0 1 0 0 1
6 40 -141972200
27 95 -328424718
49 73 -203583165
51 131 -733888450
8 15 -284582820
110 115 -533144870
15 54 -453902410
14 102 -692886921
60 136 -192852892
16 19 -612567617
1 4 -837642195
11 47 -69174944
67 103 -737334140
2 58 -797922172
2 152 -786139526
16 27 -585059826
42 56 -837082603
3 91 -227714020
73 159 -631804931
98 118 -262419852
39 67 -254054486
25 34 -227156722
73 127 -66271740
7 31 -606253341
15 90 -646658710
129 157 -126885196
58 144 -7531281
1 3 -95638569
2 30 -223684780
5 16 -460579736
9 10 -958202542
139 187 -998055252
1 6 -623279905
7 176 -532678910
101 165 -478639846
113 172 -987385249
39 55 -668373794
82 113 -110173287
115 133 -733191523
7 14 -73629515
36 45 -369004262
109 198 -273714069
155 191 -799138546
61 66 -332530306
117 149 -648113743
98 111 -614537761
3 7 -7524926
136 188 -200674458
20 41 -184084415
60 88 -525585312
8 44 -508555142
137 168 -920695907
65 70 -959465060
10 189 -32861702
24 184 -622587034
14 26 -157933670
60 116 -622827726
128 137 -402885200
88 105 -424882536
4 89 -587168019
10 46 -184078619
8 155 -820121200
7 84 -621564519
54 107 -643101570
83 166 -746900705
9 48 -743318559
11 51 -309536610
116 195 -199838141
7 135 -557001578
38 68 -444060388
20 35 -307093183
152 158 -750927633
7 183 -923116586
29 124 -91705852
24 182 -21413118
43 99 -657848553
24 71 -646086373
102 186 -116500324
3 18 -334270557
10 12 -2502707
101 142 -446417884
47 154 -971728335
150 199 -657665483
91 151 -706645081
101 181 -88232324
7 13 -99132182
15 64 -484247831
62 162 -164203997
6 8 -621543279
26 132 -52942713
23 97 -70745381
15 20 -19908846
32 81 -825329369
15 39 -922107356
10 36 -442041697
115 148 -201583456
12 21 -556572474
34 146 -728585269
86 110 -190734011
1 50 -160927596
55 59 -342074245
134 156 -728905698
131 174 -295135161
7 23 -275114225
138 171 -930414321
62 164 -101609644
54 177 -571049548
30 129 -141425194
17 104 -122400325
25 49 -885048827
19 75 -279524228
78 179 -903816454
22 52 -494314816
100 128 -288702337
41 63 -378852283
95 114 -763240990
91 96 -269155502
58 60 -806991716
36 57 -956348494
18 61 -323219352
30 42 -868192461
40 126 -157365962
75 98 -203359607
106 141 -164318595
91 150 -152503138
11 138 -778767829
24 180 -371724917
80 93 -128505661
61 170 -536182060
2 160 -258639106
6 11 -163121838
39 106 -736625580
34 86 -208719760
168 200 -654279339
3 5 -196621676
36 77 -559735152
144 194 -148122479
72 140 -341858099
175 190 -646290958
9 122 -985884275
8 185 -854368253
11 32 -40003835
15 25 -267283399
1 28 -648764258
54 62 -579079158
30 109 -171181432
61 197 -629319964
59 74 -818901231
24 153 -721255192
14 72 -889263625
29 117 -93422067
33 82 -876884034
49 94 -546450907
81 112 -330638024
72 101 -109782706
4 9 -995324207
41 125 -440237260
16 69 -380242457
160 169 -67192783
10 17 -836528997
12 79 -61365488
92 167 -83091714
17 24 -855990850
94 123 -292637715
9 29 -697507741
18 100 -395740294
109 196 -797727017
29 139 -966109488
15 175 -554990332
33 163 -3748965
131 178 -263741515
18 22 -278328204
32 43 -120432566
112 120 -118642563
186 192 -644374983
39 65 -562494933
57 143 -630588374
18 119 -740497877
15 53 -685730222
15 147 -804074206
38 108 -366083399
29 38 -475758062
73 92 -270990591
70 80 -987978207
1 2 -663369059
11 33 -768942643
74 161 -93040653
82 173 -332992449
1 85 -417821102
36 121 -535144117
142 145 -580438007
