1
200 192 163 81
-15 -5 -19 -9 -18 -10 -4 -14 -12 -10 0 -4 -20 -4 -5 -9 -16 0 -15 -11 -3 -7 -17 -15 -20 -16 -11 -7 -16 -15 -16 -18 -15 -1 -8 -15 -18 -4 -12 -3 -2 -11 -6 -12 -1 -4 -20 -19 -17 -14 -10 -1 -11 -12 -19 -17 -3 -20 -15 -20 -5 -9 -17 -18 -6 -20 -18 0 -1 -8 -3 -14 -14 -14 0 -17 -19 -12 -14 -5 -6 -14 0 -16 -19 0 -10 -13 -14 -6 -15 -14 -6 -9 -15 -16 -7 -8 -5 -1 -19 -17 -18 -20 -19 -16 0 -15 0 -1 -11 -4 -10 -14 -6 -6 -2 -8 -1 -15 -9 -16 -3 -15 -15 -11 -18 -11 -11 -9 -2 -10 -3 0 -12 -4 -1 -7 -20 -14 -13 -13 0 -13 -4 -7 -14 -9 -5 -18 0 -10 -13 -10 0 -9 -12 -18 -11 -5 -8 -8 -9 -13 -16 -8 -17 -15 -16 -15 -17 -1 -16 -6 -3 -3 -2 -1 -11 -13 0 -3 -18 -16 -6 -17 -9 -5 -4 -3 -11 -7 -5 -10 0 -9 0 -18 -8 -17
1 1 1 1 1 1 0 0 1 0 1 0 0 1 1 0 0 0 0 1 0 1 1 0 1 1 1 1 0 1 1 1 1 1 0 1 0 1 1 1 0 1 0 0 0 1 1 1 0 1 0 1 1 1 0 0 1 1 0 1 1 0 1 1 0 0 1 1 1 1 1 0 0 1 0 1 0 1 1 0 0 0 1 0 1 1 1 0 0 1 0 1 1 1 1 1 1 1 1 0 1 1 0 0 1 1 1 0 0 1 1 0 0 0 0 1 1 0 1 1 0 0 0 1 1 0 1 0 0 0 0 0 0 0 0 0 1 0 1 1 1 0 1 1 0 0 1 1 1 1 1 1 0 1 0 1 0 1 1 1 1 0 1 1 0 0 1 1 1 0 1 0 1 1 1 1 1 0 0 1 0 1 0 0 1 0 1 1 1 1 0 1 1 1 1 0 1 0 1 1
74 132 -3
175 181 -3
37 41 -2
29 164 -2
3 6 -20
125 155 -16
63 105 -19
80 197 -7
41 99 -15
18 65 -10
99 127 -6
7 27 -7
19 23 -6
17 59 -16
17 147 -13
11 28 -20
45 86 -13
44 121 -17
182 192 -19
20 111 -7
95 146 -10
5 107 0
24 188 -17
164 195 -4
48 74 -18
123 130 -19
19 114 -17
34 64 -6
50 91 -19
60 89 0
8 17 -13
71 165 -7
125 152 -5
92 119 -8
29 55 -12
22 39 -6
102 177 0
136 191 -9
9 18 -2
77 129 -7
74 182 -20
165 166 -8
4 25 -5
10 44 -1
57 120 -20
2 14 -8
11 24 -13
2 3 -1
2 5 -13
52 112 -9
66 140 -11
46 183 -19
97 143 -7
10 42 -3
78 175 -18
37 52 -9
56 63 -17
48 193 -1
53 151 -9
129 134 -14
158 162 -6
33 34 -17
39 69 -7
124 149 -13
28 38 -1
105 190 -18
13 21 -8
130 200 -12
56 87 -16
34 125 -17
33 36 -14
11 106 0
36 43 -13
9 95 -11
26 40 -17
117 163 -19
48 73 -12
63 185 -16
68 172 -1
38 103 -16
22 70 -9
118 171 -13
78 101 -16
70 170 -1
64 88 -15
12 26 -17
12 33 -17
154 187 -18
68 116 -20
36 79 -8
38 51 -10
27 98 -12
1 4 -8
28 35 -6
51 174 -3
31 82 -10
75 161 -3
67 78 -8
2 7 -5
44 142 -10
52 124 -3
46 128 -15
12 19 -14
20 148 -2
22 184 -3
88 189 -16
1 12 -13
108 178 -7
174 176 -9
14 60 -14
6 145 -15
13 15 -13
42 72 -3
15 54 -7
10 58 -7
62 198 -13
12 160 -8
56 93 -8
141 186 -8
25 47 -17
32 92 -14
97 159 -13
30 56 -11
4 8 -13
123 126 0
87 153 -13
68 102 -10
87 118 -13
67 76 -2
84 194 -4
39 104 -9
145 173 -9
183 199 -3
20 61 -12
7 11 -15
5 37 -8
111 138 -14
12 16 -18
47 66 -18
70 150 -18
80 85 -4
6 49 -11
141 168 -4
7 133 -3
9 10 -20
22 77 -19
39 45 -13
11 97 -11
110 158 -19
7 53 -5
62 96 -3
38 136 -8
71 110 0
14 139 -2
11 20 -8
16 32 -10
161 169 -3
49 83 -20
15 117 -9
85 167 -17
101 137 -7
67 108 -14
162 179 -3
78 123 -9
61 100 -1
61 62 -6
137 156 -7
12 13 -4
68 180 -4
28 29 -4
71 90 -8
43 67 -4
59 68 -3
22 94 -14
50 135 -16
111 113 -18
1 57 -14
86 115 -17
30 46 0
111 196 -5
1 2 -7
132 144 -17
10 122 -14
103 154 0
16 31 -14
151 157 -8
9 84 -4
3 109 -12
9 81 -8
28 131 -16
8 9 -1
73 80 -7
