1
200 198 150 4
-4 -1 -2 0 -1 -4 -3 -1 -3 -5 -3 -3 0 -5 -3 -2 -5 -5 0 -3 -2 -3 -2 -1 -5 0 -1 -1 -2 0 -5 -4 -2 0 -4 -5 0 0 -3 -3 -4 -4 0 -4 -1 -5 -3 -4 -2 -3 -1 -3 -2 -5 -1 -2 -3 -2 -2 0 -2 0 0 -4 -4 -4 0 -3 -4 -2 -2 -5 -3 -1 -2 -2 -2 -1 -2 -3 -3 -4 -5 -3 -1 -4 -2 -4 0 -2 -5 -1 -4 0 -1 -2 0 -1 -1 -1 -1 -2 -2 -1 -3 -2 -2 -2 -4 -1 -3 -4 -1 -5 -4 0 -2 -3 -1 -1 -5 -2 -1 0 -5 -2 -5 -2 -4 -4 0 -1 -5 -2 0 -4 0 -2 -4 -1 0 -2 -5 -4 0 -5 -1 -1 -1 -3 0 -4 -4 -4 -4 -3 -3 -5 0 -3 -2 -3 -2 -1 -5 -3 -3 -4 -4 -5 -2 -3 -4 0 -4 -4 -3 -2 -1 0 -3 -3 -5 0 -2 -4 -1 -3 -3 0 0 -1 -3 -3 -4 -2 -2 -1 -3 -2
1 1 1 1 1 1 1 1 1 1 1 1 1 1 1 1 1 1 1 1 1 1 1 1 0 1 1 1 1 1 1 1 1 1 0 1 1 1 1 1 1 1 1 1 1 1 1 1 1 1 1 1 1 1 1 1 1 1 1 1 1 1 1 1 1 1 1 1 1 1 1 1 1 1 1 1 1 1 1 1 1 1 1 1 1 1 1 1 1 1 1 1 1 1 1 1 1 1 1 1 1 1 1 1 1 1 1 1 1 1 1 1 1 1 1 1 1 1 1 1 1 1 1 1 1 1 1 1 1 1 1 1 1 1 1 1 1 1 1 1 0 1 1 1 1 1 1 1 1 1 1 1 1 1 1 1 1 1 1 1 1 1 1 1 1 1 1 1 1 1 1 1 1 1 1 1 1 1 1 1 1 1 1 0 1 1 1 1 1 1 1 1 1 1 1 1 1 1 1 1
125 144 -3
174 195 0
71 163 -2
32 105 -2
39 48 -5
14 124 -2
29 38 -1
56 113 0
46 81 -3
25 156 0
23 24 -3
11 16 0
34 125 -4
63 97 -3
10 26 -3
8 62 -4
91 153 -1
2 12 -1
41 102 -5
99 150 -5
1 25 0
55 116 -2
2 123 -4
73 77 -3
24 64 -5
119 130 -3
21 60 -4
59 87 -1
25 99 -1
84 135 -2
5 29 -1
20 35 -1
28 50 -3
86 177 -3
24 173 -5
102 128 -1
40 75 0
90 96 0
59 115 -3
5 149 -4
48 57 -5
85 122 -5
9 181 -5
26 68 0
55 88 0
35 69 -3
44 56 0
52 59 -3
5 17 0
169 178 -3
32 43 0
45 46 -2
56 157 0
1 4 -3
129 164 -4
5 8 -2
40 41 -4
34 54 -2
12 199 -4
3 6 -2
147 169 -2
82 114 0
29 139 -2
47 107 -1
23 39 -4
57 183 -4
61 148 -3
90 147 -2
47 131 -3
6 106 -4
22 76 0
17 37 -4
16 112 -4
21 83 -4
147 176 -3
23 84 -4
67 129 -5
136 155 -3
164 171 -5
83 146 -3
32 61 -4
33 79 -1
52 120 -4
87 117 -5
2 5 -4
64 175 0
125 182 -5
50 111 -4
96 109 -1
39 78 -5
52 134 0
3 9 -5
49 53 -1
66 71 -2
89 101 -5
108 142 -1
118 121 -1
96 103 -3
149 159 -3
38 172 -3
69 119 -3
3 51 -3
62 86 -1
19 132 -2
45 47 -3
98 170 -3
82 141 -5
11 65 -4
1 10 -3
13 20 -4
88 126 0
56 85 -1
9 33 -3
55 82 0
43 133 -2
147 174 0
153 168 -5
175 185 -3
2 27 -1
16 18 -2
10 14 0
92 188 -4
103 108 -1
59 67 -3
185 190 -5
117 166 -5
138 145 -2
117 143 -3
22 66 -2
103 180 -4
17 31 -3
10 15 -5
14 137 -2
2 49 0
5 179 -4
44 80 -2
145 197 -5
8 95 0
62 90 -4
9 34 -3
3 23 -4
101 140 -1
98 192 -5
11 191 -5
180 198 -3
65 136 0
139 160 -1
1 3 -4
30 98 -4
27 94 -1
56 100 -4
152 165 -2
93 193 -2
93 200 -5
57 92 -2
52 186 -3
43 52 -5
1 2 0
11 22 -4
90 152 -3
84 151 -4
5 13 -1
9 28 -5
19 70 -4
92 154 -4
32 189 -2
19 74 -3
33 158 -2
83 89 -4
13 30 -2
18 36 -5
43 110 -3
80 127 -1
112 118 -5
66 196 -5
2 44 0
33 55 -3
19 93 -5
58 184 -3
64 73 0
17 45 -3
4 32 0
20 187 -3
10 21 -1
48 138 -4
130 194 0
12 58 0
1 7 0
7 19 0
67 162 -4
18 63 -3
121 167 -2
120 161 -4
14 40 0
14 91 -3
7 11 -1
5 42 -1
34 72 0
