1
200 199 200 100
-18 -19 -11 -17 -17 0 -3 -6 -11 -15 -10 -7 -16 -2 -2 -13 -18 -5 -11 -3 -2 -3 -8 -3 -1 -16 -16 -16 -13 -15 -19 -10 -17 -8 -2 -3 -16 -7 -10 -13 -1 -8 -16 -17 -14 -11 -6 -4 -9 -19 -14 -14 -13 -14 -14 -14 -16 -9 -12 -17 -18 -20 -17 -4 -15 -3 -18 -12 -8 -6 -12 -19 -19 -8 -10 -7 -2 -14 0 -11 -2 -13 -8 -5 -11 -15 -8 -6 -11 -8 -20 -9 -20 -12 -2 -15 -16 -19 -7 -20 -1 -20 -19 -3 -17 -20 -20 -18 -7 -5 -16 -15 -18 -9 -19 -4 -17 -16 -5 -17 0 -7 -3 -6 -19 -2 -3 -7 -20 -18 -5 -13 -20 -15 -7 -4 -9 -18 -3 -13 -14 -17 -7 -12 -7 -6 0 -13 -6 -13 0 -10 -3 -10 -8 -9 -19 -7 -13 -17 -4 -4 -15 -9 -14 -10 -19 -1 -6 -1 -1 -2 -3 -7 0 -19 -3 -14 -15 -11 -10 -6 -14 -13 -8 -2 -4 -13 -19 -4 -17 -18 -11 -19 -10 -5 -5 -6 -10 -4
0 1 1 0 1 1 0 1 1 1 1 0 0 0 0 0 1 1 1 1 1 1 1 0 1 1 1 0 0 0 0 0 1 1 0 1 0 1 0 0 1 0 0 1 0 1 1 0 0 0 0 1 0 0 1 1 0 0 0 1 1 0 1 1 1 0 0 0 0 0 1 0 1 0 1 0 1 0 0 1 0 1 0 0 1 1 0 0 1 0 1 0 1 0 1 1 0 0 1 0 1 0 0 1 0 0 1 1 0 0 0 0 1 1 1 1 1 1 0 1 0 1 0 0 1 1 1 0 0 0 1 0 1 1 1 0 0 0 0 1 1 0 1 0 1 0 0 1 1 0 1 1 1 1 1 0 0 1 1 0 0 0 1 1 0 1 0 1 0 1 1 1 0 1 0 1 0 0 1 1 0 0 0 0 1 1 1 1 1 0 1 1 0 0 1 1 0 0 0 0
31 133 -12
4 24 -4
35 41 -13
42 83 -6
14 69 -1
109 174 -20
61 75 -18
83 91 -2
47 52 -5
136 188 -13
3 162 -16
51 101 -12
55 79 -16
73 144 -4
44 92 -19
73 177 -10
129 136 -13
6 140 0
92 172 -14
18 74 -7
69 195 -19
3 7 -2
12 23 -1
1 8 -8
8 10 -11
1 3 -20
61 76 -18
161 200 -2
61 122 -20
17 22 -17
3 187 -20
8 169 -20
23 25 -15
31 60 -6
55 181 -4
136 161 0
14 196 -12
34 57 -5
24 50 -2
153 182 -14
11 131 -6
46 106 0
109 119 -8
15 143 -9
38 147 0
19 56 -7
19 70 -5
87 168 -10
76 153 -2
87 96 -10
45 58 -6
83 176 -6
1 18 -6
86 125 -7
1 11 -17
66 99 -9
35 43 -5
75 167 0
63 155 -1
140 164 -20
25 105 -12
97 154 -9
3 78 -17
48 118 -14
20 68 0
18 45 -5
112 114 -8
37 107 -16
5 59 0
68 97 -12
142 146 -20
29 95 -18
24 33 0
120 192 -4
74 145 -7
15 21 -13
44 67 -18
105 160 -9
16 20 -11
23 42 -20
14 103 -16
49 163 -6
1 17 -6
1 6 -16
52 129 -3
38 199 -13
21 157 -16
92 111 -13
4 13 -5
36 108 -4
80 87 -15
1 2 -10
57 100 -7
69 120 -7
33 85 -17
143 156 -7
46 48 -14
20 44 -7
20 62 -19
84 112 -1
47 128 -7
77 110 -16
6 31 -15
5 19 -4
143 185 -17
15 137 -20
19 179 -11
3 84 -15
24 32 -3
24 104 -18
29 77 -17
39 47 -3
26 158 -8
55 134 -3
121 189 -10
12 30 -9
43 55 -5
31 40 -9
134 139 -15
92 116 -9
3 135 -8
33 34 0
30 51 -17
116 191 -6
40 159 -15
25 49 -20
8 141 -16
9 193 -11
113 142 -12
112 171 -7
1 14 0
6 16 -10
99 115 -5
40 178 -14
7 184 -17
135 197 -8
122 130 -9
16 39 0
85 198 -14
19 151 -6
123 132 -9
26 35 -2
52 138 -9
11 12 -11
176 194 -5
47 73 -6
22 54 -16
1 64 -11
68 123 -5
115 175 -9
21 71 -1
112 113 -20
2 15 -11
86 98 -6
53 93 0
7 26 0
47 94 -10
86 124 -1
59 63 -9
54 61 -11
80 148 -13
117 149 -18
43 80 -11
34 37 -15
1 5 -1
11 81 -8
30 65 -13
13 27 -11
42 90 -15
72 166 -9
51 53 -13
28 36 -7
110 170 -7
103 180 -7
129 186 -5
67 121 -7
122 152 -20
133 165 -1
4 127 -1
45 102 -6
18 88 -10
20 28 -15
154 190 -4
61 86 -13
28 66 -18
100 150 -18
8 9 -13
13 38 -12
1 4 -5
66 89 -12
17 29 -10
45 109 -17
94 117 0
25 126 0
21 46 -14
138 183 -9
66 72 -20
8 82 -11
99 173 -18
