1
200 198 189 4
-336950595 -566393507 -485442021 -924029890 -845294414 -955464475 -280224082 -681075881 -812220690 -99446635 -759249666 -416909512 -161346953 -112133217 -417656695 -207229678 -350215753 -110949339 -247732553 -144113916 -838656447 -143055475 -962308637 -804927049 -932742317 -609344948 -550920932 -560388798 -87899590 -515688518 -451265872 -272696673 -103136829 -38776065 -476747517 -972485958 -192125659 -587036630 -616447115 -553544978 -35745375 -351144186 -308600225 -790527059 -458782939 -62676102 -703205616 -730718257 -872464892 -372585561 -490367082 -826416782 -571055367 -494183236 -462723719 -517309437 -898693675 -248592979 -717937999 -408519661 -828360905 -482234237 -94877014 -479435718 -39928727 -682124017 -188657704 -128641695 -376965271 -326754851 -867483271 -522299167 -368284757 -331474041 -223675507 -424413807 -109507648 -337235733 -821226179 -108125461 -256534170 -797520032 -206624772 -521559594 -527009084 -143228885 -562615248 -645072334 -274725229 -311357685 -949222774 -671526576 -21842754 -347417027 -972487336 -104753030 -280973185 -595634205 -899638521 -843316566 -975247655 -105661615 -204480640 -357947406 -693938360 -117772895 -460991614 -692162997 -655419660 -916367865 -490020275 -636866935 -388233664 -713138177 -270493128 -36675672 -709855512 -589313887 -926954963 -18079644 -719575089 -815385861 -679112109 -703033663 -943285765 -949500413 -519984039 -545330004 -650048901 -129314570 -776611786 -600508129 -310531900 -699556683 -712740738 -824628132 -471667102 -867420532 -339869101 -358580307 -837805729 -284078440 -617469731 -147514139 -796791900 -773545201 -46173217 -862359036 -352310472 -482708774 -196795327 -14193157 -138026735 -552273248 -906766164 -647751942 -700620074 -561364157 -954278847 -406986564 -523804457 -466814225 -511277963 -370167034 -506281493 -892241351 -438726817 -908815536 -928952664 -231183891 -255843135 -943021011 -268547214 -514853005 -900048560 -624728771 -619781545 -651876687 -953777200 -580327402 -35572598 -192405879 -942993426 -392485298 -705117636 -63883054 -720312307 -26504189 -160978214 -463789884 -924523524 -681353214 -279489856 -51279300 -992638588 -246592783 -746828493 -239828025 -309464238 -609879967
1 1 1 1 1 1 1 1 1 1 1 1 1 1 1 1 1 1 1 1 1 1 1 1 1 1 1 1 1 1 1 1 1 1 1 1 1 1 1 1 1 1 1 1 1 1 1 1 1 1 1 1 1 1 1 1 1 1 1 1 0 1 1 1 1 1 1 1 1 1 1 1 0 1 1 1 1 1 1 1 1 1 1 1 1 1 1 1 1 1 1 1 1 1 1 1 1 1 1 1 1 1 1 1 1 1 1 1 1 1 1 1 0 1 1 1 1 1 1 1 1 1 1 1 1 1 1 0 1 1 1 1 1 1 1 1 1 1 1 1 1 1 1 1 1 1 1 1 1 1 1 1 1 1 1 1 1 1 1 1 1 1 1 1 1 1 1 1 1 1 1 1 1 1 1 1 1 1 1 1 1 1 1 1 1 1 1 1 1 1 1 1 1 1 1 1 1 1 1 1
8 34 -287460866
70 183 -282236408
59 99 -116137676
81 135 -536728172
81 164 -583743199
29 84 -79148236
36 110 -966914479
153 157 -943784871
46 188 -543999571
51 116 -241589495
8 40 -867887271
67 69 -686166654
117 121 -453677113
17 112 -179148693
5 19 -807113545
38 92 -821333062
89 190 -713892568
48 60 -801813711
57 59 -147121042
13 61 -549184040
18 25 -368571768
67 200 -301900914
2 33 -957019892
29 144 -42399689
84 103 -47680550
31 136 -171783327
65 195 -773708698
23 24 -319368437
45 120 -124269740
64 185 -933635715
41 86 -700722352
31 158 -225694384
27 44 -371594424
2 12 -620132899
17 134 -38235975
48 132 -596710723
72 174 -420056309
15 175 -66784898
27 89 -526459535
10 21 -475732648
21 187 -493512997
23 184 -349814248
12 85 -430371777
13 139 -974376225
30 65 -121565717
22 26 -736979245
8 47 -861764140
9 11 -713022790
32 122 -886495369
77 104 -861847226
40 111 -565211188
124 198 -870934172
59 141 -667045067
118 147 -649994996
1 54 -941928832
113 167 -85385268
52 55 -807053718
38 51 -920584491
31 131 -762838548
13 16 -495045882
42 50 -679566001
99 197 -891485221
44 155 -499060944
1 3 -89173111
151 194 -484974491
9 14 -168937871
63 80 -467256130
15 23 -248216928
57 96 -158880933
26 74 -203490263
15 41 -583677883
48 153 -522578691
63 181 -366159593
76 81 -939398045
70 88 -79446142
3 6 -320503497
72 156 -394926749
9 29 -948047271
20 97 -179263595
60 127 -717442307
4 15 -835721090
42 119 -769651853
8 166 -954301390
51 87 -249964427
144 176 -820867394
51 82 -620367521
16 52 -282346485
59 171 -836025615
54 102 -401885468
2 91 -492396371
20 140 -356229684
10 37 -29302610
27 182 -177302735
131 196 -62094435
34 78 -597569572
42 62 -127099071
33 145 -429653444
113 128 -934810613
62 76 -31005357
82 94 -103321957
98 106 -351836255
9 13 -906415596
30 73 -643297634
18 32 -610777433
65 163 -421294151
23 114 -160096005
61 146 -409223400
7 63 -141207417
61 71 -840010126
10 31 -97218667
70 130 -289931390
91 169 -293023239
5 10 -276577365
41 49 -457073990
110 179 -843367281
27 56 -96412715
9 27 -287223472
17 123 -661429506
40 101 -592880859
19 28 -512035522
7 66 -806900245
23 113 -967553698
20 46 -370305822
20 109 -757564762
25 124 -333553363
10 36 -340222810
88 186 -390041672
53 72 -838764042
18 20 -223347516
22 161 -379524970
28 117 -210139615
75 108 -399033824
5 79 -499110974
48 180 -909993578
26 105 -351997144
42 95 -674813047
142 143 -639734596
9 152 -748776514
35 48 -681901945
5 137 -578117996
84 165 -778793016
163 173 -207258467
102 154 -879556275
3 22 -937374983
107 191 -292938777
51 168 -329516669
67 126 -103345441
27 100 -557829932
6 7 -820780335
154 178 -436516090
1 38 -400316275
81 93 -113535528
110 177 -858340393
66 162 -61811765
1 8 -87908409
35 83 -818359939
33 35 -739653111
1 2 -386107060
91 142 -198477286
15 151 -560861049
22 150 -813935005
26 30 -880423452
75 133 -346921190
58 125 -102804669
7 9 -10161860
61 75 -153064012
18 42 -770810201
30 53 -332114398
13 39 -660943339
34 43 -365914218
1 4 -293127893
18 57 -471857029
142 192 -256928494
1 5 -639009162
35 77 -82390504
22 118 -451639032
101 138 -509476462
130 148 -460651773
48 67 -518253461
139 189 -403919053
53 98 -639847800
10 58 -924514719
58 90 -183587812
49 149 -490385226
48 64 -744613134
88 199 -288013002
50 172 -779292256
18 129 -125775870
128 159 -367618040
15 45 -214453592
118 193 -668065994
15 68 -653581859
3 18 -840115938
78 170 -842827169
11 17 -733204663
100 115 -324254161
54 107 -182730053
38 160 -958121411
