1
200 195 109 46
-12 -17 -19 -4 -19 -15 -18 -14 -15 -14 -9 -2 -7 -11 -2 -2 -12 -1 -11 -4 -11 -3 -16 -15 -20 -8 -11 -10 -5 -20 -7 -2 -4 -4 -14 -1 -2 -8 -9 -16 -17 -4 -11 -16 -7 -19 -16 -4 -3 0 -15 -16 -16 -15 -5 -19 -20 -2 -19 -1 -16 -2 -8 -20 -8 -11 -14 -18 -9 -12 -18 -1 -16 -3 -5 -15 -8 -7 -4 -6 -6 -1 -2 -12 -17 -14 -10 -15 -15 -1 -13 -18 -13 -18 -18 -1 -11 -2 -14 -15 -17 -5 -14 -20 -15 -3 -16 -16 -19 -2 -8 -2 -15 0 -8 -2 -20 -10 -10 -20 -16 -17 -5 -17 -20 -19 -4 -13 -2 -13 -9 -19 -5 -15 0 -7 -13 -7 -12 -12 -9 -8 -19 -5 0 -10 -12 0 -7 -9 -17 -5 -8 -7 -1 -11 -12 -14 -9 -18 -10 -1 -5 -3 -1 -13 -15 -15 -20 -18 -12 -15 -19 -11 -20 -4 0 0 -14 -20 -14 -19 -14 -12 -14 -19 -12 -5 -8 -13 -3 -13 0 -6 -3 -20 -7 -15 -11 -17
1 1 1 1 0 0 1 1 1 1 1 0 1 0 1 1 0 0 1 0 1 1 0 0 0 1 0 0 1 1 1 1 1 1 1 0 1 0 1 0 0 1 1 1 0 1 1 1 0 0 0 1 0 0 0 1 1 0 0 1 0 0 1 1 0 1 1 0 0 0 1 1 1 0 0 0 0 0 0 0 1 1 1 0 0 0 0 0 0 1 1 1 1 0 0 0 0 1 0 0 0 1 1 1 1 1 1 0 1 0 1 1 1 1 0 1 1 0 0 1 1 0 1 1 0 0 1 0 1 1 1 0 0 1 0 1 1 1 0 1 1 0 1 0 0 1 0 1 1 0 0 1 0 0 1 0 0 0 0 0 0 1 1 1 0 0 0 0 0 0 1 0 0 1 0 0 1 0 1 1 1 0 0 1 0 0 0 0 0 0 0 1 1 1 0 1 1 1 1 0
170 180 -2
61 136 -5
10 78 0
7 10 -7
147 173 -17
2 27 -8
13 160 -9
42 185 -9
2 31 -3
23 72 -7
96 99 -9
73 120 -1
1 16 -6
102 138 -11
21 48 -18
46 50 -15
39 94 -20
85 107 -18
43 187 0
2 3 -12
100 113 -8
41 133 -13
67 148 0
19 165 -1
79 175 0
136 149 -12
67 105 -6
2 17 -1
70 124 -11
27 79 -18
1 2 -14
18 164 0
60 147 -19
13 84 -13
2 7 -8
8 24 -3
2 98 -9
19 53 -12
28 47 -14
22 40 -6
2 67 -7
51 168 -18
95 152 -13
42 49 -12
25 30 -14
52 57 -16
33 46 -19
28 32 -12
24 65 -6
47 153 -10
17 20 -3
15 37 -17
6 21 -17
70 150 -20
14 61 -13
4 22 -19
38 56 -9
145 197 -15
27 70 -2
4 33 -15
56 162 -15
40 64 -2
82 115 -5
20 142 -11
3 4 -18
3 191 -11
22 36 -20
176 184 -12
69 100 -7
31 34 -17
87 163 -10
5 6 -3
31 156 -3
92 129 -17
126 141 -1
51 85 -1
33 45 -15
3 12 -3
2 8 -14
47 54 -14
26 35 -11
49 154 -4
180 183 -5
83 158 -10
29 95 -5
135 140 -5
75 106 -8
8 23 -7
24 119 -17
27 60 -20
45 131 -16
47 167 0
108 190 -1
3 101 -1
119 193 -2
2 14 -10
132 200 -17
21 59 -5
2 5 -18
23 171 -5
31 52 -13
78 116 -5
60 177 -2
127 157 -6
14 25 -20
6 15 -12
66 88 -2
4 11 -6
21 26 -18
74 114 0
6 19 -1
45 145 -1
63 93 -12
36 51 -11
94 176 -9
39 74 -3
7 143 -12
33 76 -6
185 194 -8
11 42 -17
31 126 -18
65 68 -12
24 62 -14
12 69 -18
7 28 -17
43 75 -8
32 55 -13
14 91 -14
100 172 -15
42 103 -9
11 82 -7
56 87 -4
19 159 -8
28 77 -11
174 198 -10
23 146 -17
139 151 -14
29 174 -13
30 125 0
2 86 -12
74 97 -16
7 58 -18
111 128 -20
23 186 -6
109 189 -6
77 112 -1
40 111 0
65 137 -2
13 96 -9
55 104 -8
7 18 -12
89 108 -8
15 134 0
23 43 -4
13 39 -2
76 90 -17
53 132 -18
4 92 -2
14 38 -4
141 161 -18
118 192 -19
101 121 -8
45 123 -19
91 182 -17
30 89 -13
57 102 -15
66 117 -12
70 110 -12
158 170 -2
75 83 -16
2 66 -19
88 188 -14
19 118 -6
20 41 -3
12 13 -9
58 73 -15
92 144 -1
60 127 -2
39 166 -11
106 181 -13
25 139 -9
6 9 -5
71 109 -17
87 179 -1
55 122 -16
58 71 -18
1 63 -9
112 130 0
67 81 0
68 135 -4
97 196 -5
110 155 -17
156 169 -5
5 195 -3
7 29 -18
