1
200 193 31 5
-942066811 -541821763 -286497472 -558383315 -374704159 -202959513 -804985014 -898438028 -927254002 -311754772 -296111677 -725153224 -679766218 -565625053 -329516407 -548471259 -274528428 -205140928 -773223760 -531886211 -824946855 -182945068 -409707480 -599562951 -744236307 -957082812 -921945974 -435322028 -831669983 -931818178 -940093625 -787259472 -846407240 -665285377 -229803604 -550796000 -834437028 -86307242 -705805161 -942699224 -993144873 -885700401 -211699091 -959955472 -568994817 -247940238 -115639041 -708418391 -799736562 -325503903 -397640197 -349821466 -819499657 -102002976 -942122518 -399093635 -101536331 -657473741 -908076923 -281667145 -536425880 -918684291 -563395345 -131244000 -604612561 -598464671 -84831197 -201569859 -310593468 -466283188 -718594950 -722482530 -737910374 -370703729 -286178121 -603238634 -270899214 -437168503 -815334441 -317869412 -882321971 -881520831 -963824995 -543332785 -289480857 -467897941 -376974862 -562832624 -594349611 -494293635 -938526478 -630809694 -307522680 -618616851 -774026060 -440472952 -473587351 -87518120 -187234468 -322932028 -197795736 -170683815 -617661464 -799888010 -990889885 -174739095 -423979486 -896959041 -564393270 -845207268 -62086669 -625405521 -710451200 -486468156 -23096645 -130967742 -892029902 -399818733 -570801958 -997779216 -396707504 -773030331 -34053432 -406239071 -697560907 -246960702 -637281426 -486679976 -630638019 -574778043 -79752589 -805896580 -571285963 -331815425 -482627809 -753154511 -769126615 -537581014 -953463550 -716149651 -192742234 -795521982 -240435886 -738276337 -983106563 -245173610 -354864476 -564825391 -769933818 -999419422 -472849806 -345639108 -590734401 -87910145 -523068756 -533084343 -614391690 -660268010 -307418673 -845586143 -313761714 -464522910 -86957622 -519655789 -569367614 -500940541 -675299568 -500821713 -44418267 -927419155 -386324253 -519139367 -769914106 -327153283 -170942881 -962086445 -335579565 -996424178 -309081316 -126287565 -911199189 -767020795 -647000011 -200198016 -406037111 -1459971 -961890820 -763956394 -212593518 -139987581 -446771465 -577554729 -582976267 -375133394 -869625624 -578971403 -839112874 -205186216 -841057014 -905920481
0 0 0 0 0 0 0 0 0 0 0 0 0 0 0 0 0 0 0 0 0 0 0 0 0 0 0 0 0 0 0 0 0 0 0 0 0 0 0 1 0 0 0 0 0 0 0 0 0 0 0 0 0 0 0 0 0 0 0 0 0 0 0 0 0 0 0 0 0 0 0 0 0 0 0 1 0 0 0 0 0 0 0 0 0 0 0 0 0 0 0 0 0 1 0 0 0 0 0 0 0 0 0 1 0 0 0 0 0 0 0 0 0 0 0 0 1 0 0 0 0 0 0 0 0 0 0 0 0 0 0 0 0 0 0 0 0 0 0 0 0 0 0 0 0 0 0 0 0 0 0 0 0 0 0 0 0 0 0 0 0 0 0 0 0 0 0 0 0 0 0 0 0 0 0 0 0 0 0 0 0 0 0 0 0 0 0 0 0 0 0 0 0 0 0 0 0 0 0 0
145 157 0
89 90 0
25 30 0
11 60 0
8 107 0
50 89 0
45 150 0
75 172 0
75 123 0
4 6 0
31 166 0
16 59 0
47 72 0
22 40 0
95 136 0
13 31 0
62 86 0
43 83 0
12 110 0
10 137 0
86 97 0
31 34 0
7 8 0
29 38 0
9 62 0
11 37 0
9 73 0
136 164 0
3 125 0
2 160 0
117 189 0
21 27 0
42 175 0
10 28 0
153 171 0
10 33 0
166 187 0
87 102 0
6 20 0
25 43 0
75 161 0
56 103 0
56 81 0
5 85 0
136 151 0
20 36 0
96 173 0
86 177 0
14 178 0
4 192 0
67 122 0
32 51 0
24 77 0
19 84 0
121 142 0
44 193 0
43 48 0
80 113 0
4 66 0
93 104 0
10 109 0
12 58 0
106 167 0
71 149 0
76 152 0
19 46 0
9 49 0
26 29 0
5 7 0
33 165 0
9 132 0
2 15 0
94 185 0
34 115 0
26 45 0
29 162 0
1 12 0
74 78 0
118 138 0
104 199 0
19 54 0
26 52 0
43 55 0
3 118 0
163 200 0
30 47 0
35 68 0
59 75 0
25 67 0
2 3 0
11 120 0
42 194 0
47 96 0
103 168 0
1 124 0
133 154 0
112 127 0
28 105 0
22 32 0
1 133 0
5 9 0
17 94 0
118 197 0
27 35 0
69 108 0
141 174 0
21 22 0
23 69 0
88 156 0
2 26 0
130 145 0
8 17 0
14 71 0
1 4 0
70 182 0
4 80 0
74 158 0
114 135 0
13 19 0
75 92 0
66 153 0
69 146 0
36 76 0
99 141 0
64 159 0
138 198 0
10 23 0
67 106 0
10 50 0
22 25 0
33 195 0
48 57 0
1 2 0
102 148 0
50 183 0
33 53 0
7 14 0
160 170 0
10 163 0
13 21 0
13 24 0
1 16 0
19 119 0
9 11 0
92 98 0
166 179 0
121 169 0
48 88 0
84 129 0
16 95 0
32 44 0
6 13 0
17 42 0
47 79 0
103 196 0
28 61 0
8 184 0
88 117 0
18 116 0
46 70 0
8 93 0
38 139 0
2 91 0
1 39 0
2 64 0
174 176 0
13 87 0
138 140 0
57 121 0
4 5 0
9 144 0
19 131 0
60 188 0
81 134 0
9 63 0
37 41 0
23 111 0
4 128 0
20 74 0
55 130 0
7 143 0
21 99 0
63 147 0
67 100 0
5 190 0
6 10 0
27 155 0
6 18 0
77 186 0
95 181 0
61 82 0
50 65 0
56 126 0
