1
200 196 86 35
0 0 0 0 0 0 0 0 0 0 0 0 0 0 0 0 0 0 0 0 0 0 0 0 0 0 0 0 0 0 0 0 0 0 0 0 0 0 0 0 0 0 0 0 0 0 0 0 0 0 0 0 0 0 0 0 0 0 0 0 0 0 0 0 0 0 0 0 0 0 0 0 0 0 0 0 0 0 0 0 0 0 0 0 0 0 0 0 0 0 0 0 0 0 0 0 0 0 0 0 0 0 0 0 0 0 0 0 0 0 0 0 0 0 0 0 0 0 0 0 0 0 0 0 0 0 0 0 0 0 0 0 0 0 0 0 0 0 0 0 0 0 0 0 0 0 0 0 0 0 0 0 0 0 0 0 0 0 0 0 0 0 0 0 0 0 0 0 0 0 0 0 0 0 0 0 0 0 0 0 0 0 0 0 0 0 0 0 0 0 0 0 0 0 0 0 0 0 0 0
0 0 1 1 1 1 0 0 0 1 1 1 1 0 1 0 1 1 1 1 0 1 1 1 1 1 0 0 1 1 1 1 1 0 1 1 0 1 1 0 1 0 0 0 1 1 1 0 0 1 1 1 0 1 1 1 1 1 1 0 1 1 1 1 1 1 1 0 0 1 1 1 0 1 0 1 0 1 1 1 1 0 1 1 1 1 1 1 1 1 0 0 0 1 1 1 0 0 1 1 1 0 0 1 1 1 1 1 1 0 1 1 1 1 0 1 1 0 1 0 1 1 1 0 1 1 0 0 1 0 1 1 1 1 1 1 0 0 1 1 0 1 1 1 1 1 0 0 0 0 0 1 1 1 1 1 1 1 1 0 0 1 1 1 1 0 0 0 0 1 0 0 0 0 1 0 1 0 0 1 0 1 1 1 1 1 1 1 0 1 1 1 1 1 0 1 0 1 0 1
10 25 -682476580
111 113 -43127073
5 82 -687630762
171 190 -52841029
32 36 -61206959
40 148 -488440121
92 93 -848944596
75 87 -580635213
31 57 -77116916
67 172 -957994691
14 40 -551707806
120 156 -128223836
87 177 -331727974
56 150 -422826984
1 7 -124662279
108 133 -359924792
27 78 -69921767
9 46 -999926108
45 50 -884864401
120 146 -306559923
53 187 -144199288
108 193 -201143902
54 144 -210860419
122 139 -716942347
46 90 -297660156
36 59 -63460655
11 127 -416115158
76 140 -622018411
6 28 -964513183
52 60 -351214172
152 184 -247224761
15 155 -304205197
1 13 -659154015
28 102 -501465781
42 79 -25358577
80 157 -197022818
36 125 -415416268
2 15 -55667080
48 83 -342722924
95 100 -102622120
20 182 -606759473
32 38 -50813807
76 121 -843233136
31 158 -309933860
8 14 -430026471
108 131 -260183749
11 17 -84059019
52 120 -452919296
98 137 -691419834
12 91 -434187244
40 43 -565059480
24 39 -904272681
11 152 -726139492
10 29 -210216936
187 197 -997814007
112 117 -432126466
68 81 -840802586
25 159 -840941062
70 178 -182180593
28 130 -363689646
61 108 -653448023
4 86 -938840013
56 109 -188895074
72 112 -788886697
15 41 -852847236
58 80 -287394680
54 166 -277144755
58 67 -524865105
24 31 -372316482
26 118 -683983274
16 26 -71034028
166 198 -513381080
96 141 -882244026
56 132 -548482911
146 154 -334755677
51 97 -617876443
54 85 -429576831
8 174 -747567162
57 63 -977246268
12 34 -181151187
6 54 -788664380
24 136 -561577376
113 114 -552742268
13 61 -393490839
17 51 -799685038
2 48 -687132511
3 10 -747428461
20 32 -467364959
63 84 -484014234
137 169 -698267651
35 116 -897077354
94 142 -268087847
120 163 -383947644
25 30 -429254114
41 49 -265727438
76 147 -278638293
45 72 -942984686
132 195 -533411366
146 167 -137221851
62 98 -4583431
55 138 -602688967
3 8 -348304767
131 164 -810957996
3 9 -792059017
7 181 -836387562
34 183 -727466883
117 153 -46545030
171 199 -467555505
80 180 -868567285
54 115 -602188725
41 170 -269447645
32 128 -743034795
35 68 -322094470
52 110 -921683963
126 186 -113380679
4 6 -580258376
8 92 -558472641
22 55 -134881175
104 175 -759541502
79 96 -218491210
8 53 -502407012
89 105 -27952587
15 20 -179640871
161 162 -227441008
112 145 -240026676
147 165 -40710134
29 134 -49612313
23 62 -491055557
59 64 -168956189
38 101 -892423947
71 171 -130840278
1 5 -543170252
6 11 -864217200
40 89 -273895264
73 76 -242119452
10 12 -673134848
90 135 -320252817
72 149 -18379012
2 19 -392150284
1 3 -525248863
145 194 -842381976
31 45 -754900999
2 4 -286056670
11 27 -755158008
62 88 -425027163
37 42 -377436344
17 65 -954593248
71 129 -227552771
77 124 -626138842
49 70 -377192376
40 75 -65498715
40 104 -794209074
28 119 -855407158
2 77 -668977546
77 126 -410673604
14 106 -916165481
46 58 -838379146
48 160 -199382525
21 192 -321014027
91 173 -124111103
33 176 -312352987
61 94 -814504231
24 44 -476095412
22 52 -531105825
57 123 -62705328
78 111 -308082824
85 188 -422147434
65 107 -92810019
13 21 -604897107
14 74 -953388618
7 18 -407433097
9 151 -626026545
87 185 -911031664
7 16 -871296294
46 71 -706765421
100 179 -949849322
4 35 -941914853
90 189 -526665732
94 196 -439478440
1 33 -733847093
153 168 -416245196
130 200 -767300794
11 143 -208753633
13 47 -823026396
44 95 -689433754
94 103 -636165583
24 69 -658202741
61 66 -732607308
23 73 -784277569
1 2 -452782488
2 37 -656621837
15 24 -934149319
26 56 -266992225
40 191 -242460148
5 23 -492772860
9 22 -698133502
