1
200 197 200 96
-656001256 -294390204 -891663742 -332678251 -18127665 -508792159 -620288359 -661848981 -818949989 -208373354 -735844981 -581812868 -423278065 -440516786 -517500286 -362897286 -945389798 -869109348 -805367138 -846519232 -408266809 -485393435 -408510064 -695234369 -811833775 -971093404 -694857 -362635495 -954328486 -788213119 -735587780 -605236169 -478645019 -713398906 -3132644 -419289255 -473564298 -989192986 -634473733 -86591525 -968786356 -916176918 -813845935 -83965070 -389307840 -748512785 -758977361 -616555584 -177721281 -557947190 -912567253 -459665692 -96866498 -215157238 -106076891 -303682482 -510848758 -607558474 -455358295 -747576724 -828396113 -388184901 -144002145 -695267411 -604348765 -588970487 -240618432 -507409407 -739882464 -319308735 -761680418 -530212558 -984577408 -59731834 -772617383 -58286576 -30563264 -244908522 -52998104 -765409390 -716568193 -692658781 -672064862 -386300887 -613246152 -55592369 -636778089 -385809423 -854270785 -355747411 -421431945 -897515764 -885506787 -847927738 -269721134 -67748043 -426812942 -413545857 -776971370 -534064267 -806264315 -893862039 -792933361 -118865796 -649176626 -84984346 -441430201 -323914230 -994128825 -164526974 -978300446 -710573388 -267209342 -112163072 -555655361 -539564581 -905549982 -53520374 -319541113 -771980116 -537407540 -337496763 -718607314 -25573703 -867378042 -103245511 -330196841 -20082995 -270501767 -861312505 -204999927 -500812097 -727553342 -813334114 -224503638 -621572509 -399702238 -985119775 -736661165 -310309044 -101692477 -3930049 -176833085 -894827712 -376034599 -877678074 -947390349 -190192066 -542403383 -87931120 -49203551 -323152854 -799605377 -504027472 -729939761 -21144831 -416999031 -140316077 -386666102 -637145822 -437067615 -582238974 -286889828 -884152708 -361501749 -849344642 -984720215 -581499301 -618396527 -852761098 -131086800 -209206255 -799905651 -577016076 -253041440 -651593705 -9478890 -969593125 -801034735 -815304402 -431877619 -951175261 -317230512 -434450312 -111870538 -657478293 -53346244 -101602533 -654550781 -638722490 -7525681 -800852585 -664511561 -673655768 -292897742 -491067248 -472589165 -784997646 -740674350 -489240672
1 1 1 1 1 0 1 1 0 1 0 1 1 0 1 0 1 1 0 0 1 1 0 0 1 1 0 0 0 1 1 0 0 0 0 0 1 1 1 0 1 0 1 0 1 1 1 1 0 0 0 1 0 0 1 0 1 1 0 1 1 1 1 0 0 1 1 0 0 0 0 1 1 0 0 0 0 0 1 0 1 0 0 1 0 0 0 0 0 0 1 0 0 1 0 1 0 1 1 0 0 1 0 1 0 1 0 1 0 0 1 1 1 1 0 1 0 0 1 0 1 0 1 0 1 0 1 0 0 1 0 0 0 1 1 1 1 0 1 0 0 0 1 0 1 0 0 1 0 0 1 0 1 0 0 1 0 0 1 0 1 0 1 0 0 1 1 0 0 1 0 1 0 0 1 1 1 1 1 0 0 1 1 1 1 0 1 0 1 0 1 1 1 0 1 1 1 1 0 1
71 199 0
36 52 0
5 9 0
21 94 0
51 190 0
32 61 0
12 43 0
35 40 0
27 64 0
18 86 0
75 147 0
159 169 0
22 25 0
45 55 0
51 175 0
24 113 0
25 49 0
35 56 0
120 188 0
70 140 0
73 74 0
54 124 0
116 167 0
53 156 0
192 197 0
126 189 0
38 149 0
15 107 0
37 72 0
51 79 0
24 120 0
41 82 0
150 187 0
6 7 0
11 12 0
48 192 0
76 129 0
21 44 0
16 31 0
118 130 0
15 153 0
89 101 0
46 83 0
17 179 0
16 18 0
1 4 0
28 46 0
6 36 0
13 14 0
159 191 0
51 63 0
67 96 0
12 45 0
77 110 0
17 34 0
67 102 0
1 144 0
29 39 0
73 137 0
4 92 0
7 27 0
1 2 0
145 170 0
48 117 0
56 162 0
94 142 0
129 138 0
105 171 0
50 145 0
38 89 0
25 33 0
71 78 0
46 69 0
27 48 0
27 65 0
2 5 0
22 127 0
54 194 0
37 114 0
27 42 0
126 165 0
27 85 0
19 20 0
148 195 0
117 123 0
5 87 0
19 24 0
42 88 0
3 10 0
26 51 0
127 177 0
2 103 0
25 97 0
72 106 0
110 121 0
9 154 0
105 182 0
11 161 0
105 160 0
37 99 0
7 29 0
34 164 0
79 111 0
47 50 0
84 135 0
67 71 0
34 148 0
1 28 0
47 62 0
50 57 0
79 132 0
37 75 0
82 119 0
4 17 0
51 136 0
87 90 0
145 166 0
103 146 0
100 118 0
30 41 0
28 91 0
86 184 0
19 53 0
84 181 0
15 26 0
58 183 0
108 134 0
75 143 0
23 37 0
105 193 0
33 180 0
63 141 0
75 81 0
15 19 0
24 109 0
52 176 0
92 105 0
46 112 0
5 73 0
124 155 0
7 174 0
4 6 0
19 150 0
37 93 0
1 16 0
33 115 0
64 70 0
19 66 0
10 32 0
98 122 0
3 15 0
2 3 0
60 159 0
4 8 0
144 152 0
1 11 0
150 163 0
74 200 0
56 76 0
13 60 0
3 21 0
27 131 0
1 38 0
23 58 0
4 35 0
14 23 0
7 22 0
35 128 0
58 173 0
32 104 0
3 77 0
40 68 0
32 54 0
9 108 0
65 172 0
49 59 0
48 186 0
26 198 0
134 157 0
159 196 0
66 125 0
38 47 0
43 98 0
56 84 0
7 13 0
48 95 0
38 178 0
44 100 0
95 139 0
144 151 0
5 30 0
29 67 0
21 80 0
107 185 0
9 168 0
79 133 0
46 158 0
