1
200 199 162 4
-38668179 -481706029 -337923375 -850003143 -550775491 -621467398 -998981574 -861230543 -589152393 -274579866 -905928624 -220225194 -227332841 -126251700 -430601772 -678965780 -451785270 -24486970 -449463293 -918071320 -228776588 -52932739 -914209154 -73589020 -549029663 -166424044 -779677906 -114350427 -557239016 -918658067 -810909692 -635539691 -942467034 -478018437 -222936269 -540627327 -737196489 -46534208 -450126127 -354163633 -436165844 -733935894 -589487769 -348313055 -633930785 -338146866 -749402581 -410832439 -564910669 -312552144 -904434564 -429904402 -731087748 -443186249 -414242445 -848653744 -701285580 -969916113 -947311160 -473539523 -930598701 -936798861 -330534299 -501404925 -541082635 -431720475 -641412145 -684173294 -742020153 -467069721 -601559834 -202604007 -249045082 -576755925 -935807098 -365359104 -621699333 -576613144 -219430164 -306555255 -229940221 -321817546 -534689898 -754455818 -687478860 -654124588 -71631708 -739574782 -370266789 -859736803 -693168705 -487745843 -134024681 -208057839 -737628099 -243777003 -687455912 -614658417 -341393490 -84960432 -251674851 -510339773 -187589443 -454908366 -769414791 -711869114 -171507612 -191934250 -663959333 -630457870 -502533525 -697275105 -199687750 -756769041 -742475793 -215311871 -40641579 -588364423 -74358356 -201564643 -245383936 -708579675 -11605035 -813621768 -206302957 -704415317 -849438155 -111385550 -674945391 -922468508 -764837623 -122351367 -160082385 -102212635 -357291453 -796323540 -460597016 -305708942 -616029209 -704436324 -842223788 -617352143 -69379919 -391392114 -70464954 -37897662 -802454237 -452395878 -526317749 -856472819 -858007450 -95197746 -435200291 -495819702 -249861911 -104699004 -650614329 -53312478 -557878219 -606110016 -32873568 -316999314 -43698846 -434012182 -749969815 -290515800 -345361565 -612242453 -862175904 -924591147 -60818814 -678432177 -116078815 -402853100 -651651697 -109381677 -625343243 -521355816 -898919497 -241089471 -872940521 -279792854 -55886576 -341838181 -186965468 -441833980 -720181219 -276410150 -875965415 -253060587 -880367209 -249765798 -909140899 -279416037 -34865240 -336845864 -690043359 -16068991 -16841224 -636324297
1 0 1 0 1 1 1 1 1 1 0 1 1 1 1 1 0 1 0 1 0 1 1 1 0 0 1 0 1 0 1 0 1 1 1 0 1 0 0 0 0 1 0 1 1 0 0 0 0 0 0 1 0 0 0 0 1 0 0 1 0 0 0 1 0 0 1 1 1 1 0 1 1 1 0 1 0 1 0 0 0 0 1 1 0 0 0 1 1 0 0 0 1 0 1 1 0 0 1 1 0 0 0 1 0 0 1 0 0 0 1 1 1 0 0 1 0 1 0 0 1 1 0 1 1 0 0 1 0 1 1 1 1 1 0 1 0 0 0 1 1 0 1 1 0 0 1 0 0 1 0 1 1 1 1 1 1 0 0 0 1 0 1 0 0 1 1 0 0 0 0 0 1 1 1 0 1 0 1 0 1 1 0 1 1 0 1 0 1 0 0 0 0 1 1 1 0 1 0 1
52 171 -609613527
53 166 -872016779
78 105 -498867023
9 83 -481240410
51 140 -73522518
76 149 -428813196
148 194 -761981207
13 19 -181891612
41 49 -374499205
2 22 -852784123
55 101 -221829782
1 39 -611208198
25 50 -485265867
35 56 -961361030
147 164 -183640311
15 110 -408357317
17 29 -615184859
104 186 -823886337
4 24 -270000832
67 182 -807627047
22 64 -92621609
16 44 -250485659
30 136 -155178257
4 20 -969102830
37 47 -474408592
80 146 -993553744
59 62 -156195283
31 35 -932526587
5 28 -971077388
45 141 -710609008
3 7 -385921421
30 69 -14588697
24 124 -587169466
1 2 -43445575
100 159 -873385553
25 173 -284218148
91 152 -838217314
140 142 -766405606
35 154 -694213325
60 76 -497399404
2 5 -101058790
29 97 -429493787
6 86 -633726594
66 93 -799865900
131 148 -971798474
76 128 -967340205
52 53 -221231307
38 80 -82966529
19 84 -478833705
62 147 -529151962
111 200 -420380387
4 60 -103485984
23 25 -906111193
75 117 -323740401
51 156 -219393448
31 73 -772895270
77 121 -505464469
27 139 -981042401
36 129 -609574648
27 138 -746123410
5 10 -996650720
49 195 -288254597
6 11 -611278755
16 31 -369356315
68 126 -544121844
102 179 -491816763
30 103 -319126263
9 144 -501382457
28 38 -605467153
49 153 -434370909
8 58 -306887886
131 198 -654274133
34 87 -575202420
2 41 -945686916
66 78 -278330632
80 122 -928981109
3 21 -173046513
97 120 -228614600
109 125 -742437657
27 99 -194148441
60 72 -28938196
88 174 -442978947
18 52 -97575400
50 71 -68992455
9 77 -552166785
65 79 -76000812
35 94 -208403441
162 177 -45216886
52 100 -436560078
6 18 -485081577
102 189 -60762028
78 133 -435546462
2 57 -856647186
78 92 -300472265
94 106 -853840715
11 16 -292897260
61 98 -191759958
11 42 -668559911
7 8 -233558400
22 68 -239233523
44 63 -881969112
11 12 -252703620
126 161 -706594447
32 188 -544151261
24 45 -465765688
2 32 -732544088
161 175 -429966654
42 184 -142665047
31 33 -832513661
2 4 -490409856
80 163 -858763656
11 127 -478424973
145 193 -313896718
51 131 -795594286
1 3 -12885325
2 169 -872951880
23 37 -258506515
66 74 -312811575
17 23 -581230917
31 34 -718356551
6 109 -982653215
26 158 -647781543
4 43 -614374037
20 48 -88987617
7 17 -206799119
144 183 -403400413
30 54 -253602098
64 67 -443832056
30 96 -994258541
38 40 -117693122
158 165 -923094258
25 185 -167620716
14 157 -419857613
75 143 -782394475
28 51 -874873752
24 172 -941572954
53 145 -911534677
101 107 -807094200
10 30 -992098166
105 111 -554677448
80 130 -593253415
57 89 -358471833
8 9 -931232957
71 115 -450661512
33 114 -954872198
3 180 -274532707
177 199 -713229550
19 119 -566886270
35 167 -533185699
65 135 -204173968
26 187 -285123771
72 112 -286155286
74 75 -195529737
150 190 -61635750
74 176 -191814313
107 108 -38364456
14 27 -771158754
8 13 -211283242
48 59 -177114529
80 150 -130445965
109 181 -535965058
62 81 -73964456
62 65 -361452035
77 155 -264945671
2 6 -319742823
21 90 -798203269
25 46 -416019523
8 70 -355600826
13 91 -583886045
40 191 -162149152
7 15 -218188079
55 104 -802997084
50 123 -285344516
117 118 -78571001
43 88 -291538921
115 134 -162315924
30 66 -888468166
40 61 -219389053
53 95 -931261114
11 113 -88281478
170 192 -552414729
7 14 -456066537
23 160 -642677183
100 197 -451235999
34 82 -803558452
51 55 -708774578
74 196 -327175329
34 85 -537767183
130 162 -416898419
136 178 -360594124
32 137 -324373570
5 26 -732038609
50 151 -137700687
18 102 -789351381
12 36 -63003475
96 168 -731254033
9 116 -666137874
86 132 -71684575
63 170 -80563729
