1
200 198 107 19
-1000000000 -1000000000 -1000000000 -1000000000 -1000000000 -1000000000 -1000000000 -1000000000 -1000000000 -1000000000 -1000000000 -1000000000 -1000000000 -1000000000 -1000000000 -1000000000 -1000000000 -1000000000 -1000000000 -1000000000 -1000000000 -1000000000 -1000000000 -1000000000 -1000000000 -1000000000 -1000000000 -1000000000 -1000000000 -1000000000 -1000000000 -1000000000 -1000000000 -1000000000 -1000000000 -1000000000 -1000000000 -1000000000 -1000000000 -1000000000 -1000000000 -1000000000 -1000000000 -1000000000 -1000000000 -1000000000 -1000000000 -1000000000 -1000000000 -1000000000 -1000000000 -1000000000 -1000000000 -1000000000 -1000000000 -1000000000 -1000000000 -1000000000 -1000000000 -1000000000 -1000000000 -1000000000 -1000000000 -1000000000 -1000000000 -1000000000 -1000000000 -1000000000 -1000000000 -1000000000 -1000000000 -1000000000 -1000000000 -1000000000 -1000000000 -1000000000 -1000000000 -1000000000 -1000000000 -1000000000 -1000000000 -1000000000 -1000000000 -1000000000 -1000000000 -1000000000 -1000000000 -1000000000 -1000000000 -1000000000 -1000000000 -1000000000 -1000000000 -1000000000 -1000000000 -1000000000 -1000000000 -1000000000 -1000000000 -1000000000 -1000000000 -1000000000 -1000000000 -1000000000 -1000000000 -1000000000 -1000000000 -1000000000 -1000000000 -1000000000 -1000000000 -1000000000 -1000000000 -1000000000 -1000000000 -1000000000 -1000000000 -1000000000 -1000000000 -1000000000 -1000000000 -1000000000 -1000000000 -1000000000 -1000000000 -1000000000 -1000000000 -1000000000 -1000000000 -1000000000 -1000000000 -1000000000 -1000000000 -1000000000 -1000000000 -1000000000 -1000000000 -1000000000 -1000000000 -1000000000 -1000000000 -1000000000 -1000000000 -1000000000 -1000000000 -1000000000 -1000000000 -1000000000 -1000000000 -1000000000 -1000000000 -1000000000 -1000000000 -1000000000 -1000000000 -1000000000 -1000000000 -1000000000 -1000000000 -1000000000 -1000000000 -1000000000 -1000000000 -1000000000 -1000000000 -1000000000 -1000000000 -1000000000 -1000000000 -1000000000 -1000000000 -1000000000 -1000000000 -1000000000 -1000000000 -1000000000 -1000000000 -1000000000 -1000000000 -1000000000 -1000000000 -1000000000 -1000000000 -1000000000 -1000000000 -1000000000 -1000000000 -1000000000 -1000000000 -1000000000 -1000000000 -1000000000 -1000000000 -1000000000 -1000000000 -1000000000 -1000000000 -1000000000 -1000000000 -1000000000
0 0 1 1 0 1 1 1 0 0 0 1 1 0 0 0 0 1 1 0 1 1 0 1 1 0 1 1 1 0 1 1 0 0 0 0 1 0 0 1 0 1 1 0 0 1 0 1 0 0 1 0 1 1 1 0 0 1 1 0 1 0 1 1 1 1 1 0 1 1 1 0 1 1 0 1 1 1 1 0 1 0 0 0 0 0 0 1 0 0 1 0 1 0 1 0 0 1 0 0 1 0 1 1 1 0 1 1 0 1 0 0 1 0 0 0 0 0 1 0 0 0 1 1 1 1 1 0 1 0 1 0 0 0 0 0 1 1 0 1 0 1 0 1 1 0 0 0 0 0 1 1 1 0 1 0 1 1 1 1 1 1 1 1 1 1 1 0 1 1 0 0 0 0 0 0 1 0 1 1 0 0 0 0 0 1 0 1 0 0 1 1 0 0 0 1 1 0 0 1
17 191 -1000000000
20 28 -1000000000
29 87 -1000000000
4 12 -1000000000
11 14 -1000000000
109 136 -1000000000
27 91 -1000000000
147 170 -1000000000
146 169 -1000000000
116 160 -1000000000
49 200 -1000000000
31 156 -1000000000
37 67 -1000000000
106 183 -1000000000
40 47 -1000000000
102 147 -1000000000
29 173 -1000000000
104 189 -1000000000
1 13 -1000000000
31 40 -1000000000
13 55 -1000000000
13 22 -1000000000
7 41 -1000000000
18 19 -1000000000
10 82 -1000000000
27 109 -1000000000
22 161 -1000000000
9 34 -1000000000
37 73 -1000000000
42 60 -1000000000
68 125 -1000000000
41 44 -1000000000
36 38 -1000000000
23 115 -1000000000
4 8 -1000000000
8 130 -1000000000
5 10 -1000000000
85 92 -1000000000
173 179 -1000000000
70 180 -1000000000
80 157 -1000000000
158 196 -1000000000
37 126 -1000000000
53 171 -1000000000
54 193 -1000000000
39 77 -1000000000
41 86 -1000000000
145 192 -1000000000
51 58 -1000000000
81 186 -1000000000
80 97 -1000000000
39 104 -1000000000
15 101 -1000000000
63 155 -1000000000
114 120 -1000000000
36 143 -1000000000
38 184 -1000000000
164 187 -1000000000
25 35 -1000000000
78 105 -1000000000
19 166 -1000000000
17 43 -1000000000
49 129 -1000000000
4 16 -1000000000
41 56 -1000000000
28 133 -1000000000
45 138 -1000000000
30 89 -1000000000
42 52 -1000000000
109 190 -1000000000
38 137 -1000000000
139 152 -1000000000
127 140 -1000000000
7 94 -1000000000
15 33 -1000000000
51 96 -1000000000
1 3 -1000000000
6 23 -1000000000
5 72 -1000000000
19 54 -1000000000
128 177 -1000000000
23 176 -1000000000
41 50 -1000000000
50 57 -1000000000
1 7 -1000000000
57 110 -1000000000
35 181 -1000000000
3 4 -1000000000
3 93 -1000000000
6 37 -1000000000
97 112 -1000000000
19 69 -1000000000
25 119 -1000000000
29 90 -1000000000
11 32 -1000000000
123 128 -1000000000
2 150 -1000000000
45 165 -1000000000
21 139 -1000000000
57 198 -1000000000
20 26 -1000000000
101 144 -1000000000
103 111 -1000000000
82 167 -1000000000
62 122 -1000000000
94 199 -1000000000
12 118 -1000000000
2 149 -1000000000
131 148 -1000000000
81 153 -1000000000
111 154 -1000000000
41 145 -1000000000
7 17 -1000000000
13 100 -1000000000
1 11 -1000000000
166 174 -1000000000
25 49 -1000000000
83 98 -1000000000
43 134 -1000000000
30 168 -1000000000
49 84 -1000000000
37 135 -1000000000
9 25 -1000000000
14 30 -1000000000
73 107 -1000000000
100 127 -1000000000
50 83 -1000000000
1 2 -1000000000
12 27 -1000000000
1 5 -1000000000
28 39 -1000000000
80 85 -1000000000
50 53 -1000000000
79 123 -1000000000
47 141 -1000000000
49 178 -1000000000
70 95 -1000000000
77 151 -1000000000
94 99 -1000000000
32 78 -1000000000
31 36 -1000000000
18 20 -1000000000
37 142 -1000000000
19 48 -1000000000
55 163 -1000000000
25 59 -1000000000
34 46 -1000000000
14 15 -1000000000
7 75 -1000000000
65 68 -1000000000
4 21 -1000000000
4 116 -1000000000
31 65 -1000000000
10 18 -1000000000
86 131 -1000000000
20 63 -1000000000
54 175 -1000000000
30 70 -1000000000
59 188 -1000000000
36 80 -1000000000
54 61 -1000000000
68 172 -1000000000
122 146 -1000000000
7 182 -1000000000
77 162 -1000000000
94 124 -1000000000
3 164 -1000000000
25 51 -1000000000
25 76 -1000000000
16 114 -1000000000
16 29 -1000000000
77 81 -1000000000
55 194 -1000000000
14 31 -1000000000
28 64 -1000000000
10 66 -1000000000
3 185 -1000000000
79 132 -1000000000
1 6 -1000000000
6 88 -1000000000
155 197 -1000000000
151 159 -1000000000
43 62 -1000000000
55 103 -1000000000
17 158 -1000000000
185 195 -1000000000
7 24 -1000000000
23 71 -1000000000
87 102 -1000000000
51 108 -1000000000
37 45 -1000000000
28 117 -1000000000
50 79 -1000000000
21 121 -1000000000
8 9 -1000000000
7 42 -1000000000
59 106 -1000000000
62 113 -1000000000
