1
200 199 177 82
0 0 0 0 0 0 0 0 0 0 0 0 0 0 0 0 0 0 0 0 0 0 0 0 0 0 0 0 0 0 0 0 0 0 0 0 0 0 0 0 0 0 0 0 0 0 0 0 0 0 0 0 0 0 0 0 0 0 0 0 0 0 0 0 0 0 0 0 0 0 0 0 0 0 0 0 0 0 0 0 0 0 0 0 0 0 0 0 0 0 0 0 0 0 0 0 0 0 0 0 0 0 0 0 0 0 0 0 0 0 0 0 0 0 0 0 0 0 0 0 0 0 0 0 0 0 0 0 0 0 0 0 0 0 0 0 0 0 0 0 0 0 0 0 0 0 0 0 0 0 0 0 0 0 0 0 0 0 0 0 0 0 0 0 0 0 0 0 0 0 0 0 0 0 0 0 0 0 0 0 0 0 0 0 0 0 0 0 0 0 0 0 0 0 0 0 0 0 0 0
1 0 0 1 1 0 1 0 0 0 0 1 0 1 1 0 0 0 1 0 1 1 0 0 0 0 0 0 0 1 0 1 0 1 1 1 1 1 0 1 1 1 1 1 0 1 0 0 1 1 1 0 1 0 1 0 1 1 0 0 1 1 0 1 0 1 1 1 1 1 0 1 0 0 1 0 0 0 0 0 1 0 1 1 0 1 0 0 0 0 1 1 0 1 0 1 1 1 1 0 0 1 1 0 1 1 1 1 1 1 1 1 1 0 1 1 0 0 0 0 1 1 1 0 1 1 0 0 1 1 1 0 1 1 1 1 0 0 1 0 0 0 0 0 1 1 0 1 0 0 0 1 1 1 1 1 0 1 1 1 0 0 0 0 0 0 0 1 0 1 0 0 1 1 0 0 1 0 1 1 1 0 1 1 0 1 1 0 1 1 0 0 1 0 1 0 0 0 0 1
43 53 -984535532
1 19 -728069710
3 4 -723732863
25 35 -275374867
29 140 -884895506
50 159 -548162702
32 100 -540443267
115 134 -254740974
25 95 -50706996
162 170 -642968210
183 194 -358272684
1 17 -128918975
4 14 -361879009
15 39 -915151299
38 68 -212315465
138 187 -972187599
165 183 -516230744
29 40 -75705928
10 41 -137731337
135 179 -840722375
30 74 -395957925
10 166 -529303566
22 55 -836597896
67 180 -534930929
28 117 -514281313
75 165 -61267908
86 157 -146181900
52 75 -534599145
11 59 -487150040
46 77 -999344
45 158 -910532457
46 56 -126224645
120 142 -994084625
52 162 -587861172
23 48 -291487052
10 127 -454843371
135 184 -815677489
12 15 -897711796
35 42 -154680133
25 57 -827095829
73 148 -225891746
11 12 -737867342
30 191 -782196432
66 103 -658931540
50 88 -98548789
26 38 -317994542
14 177 -612994003
3 5 -13454194
131 172 -170251411
35 144 -797982222
94 110 -873361242
102 178 -927229674
14 23 -150751116
1 175 -820632145
108 195 -15647611
55 58 -203346800
4 21 -872674004
38 67 -635945146
56 120 -157460651
65 105 -65085817
29 133 -393905348
3 32 -865529658
13 34 -946721132
29 124 -554257720
1 171 -799868269
65 93 -527176535
10 13 -419000693
42 89 -72765895
3 10 -674507924
2 65 -341706955
11 36 -844843864
2 70 -681704312
17 174 -536231495
119 131 -187614078
165 196 -873406764
134 163 -172222824
80 101 -278377580
16 76 -462622186
28 109 -903376106
99 200 -79452170
53 85 -850652880
70 149 -834415613
10 198 -508247402
62 99 -519770251
53 82 -845441037
36 152 -433793721
118 129 -929823629
22 81 -832119503
82 92 -303431893
41 72 -7900145
33 193 -430772164
144 153 -353830103
176 182 -730439561
85 130 -44370592
30 104 -748108505
6 9 -326333786
59 107 -401152947
23 25 -488852100
161 169 -184676473
77 98 -200464625
31 145 -199736192
8 168 -810851843
20 33 -253908182
172 199 -767714703
33 84 -767567135
43 125 -311975373
100 143 -553072446
10 167 -771564522
32 54 -430446088
17 30 -72701298
18 136 -741535428
5 128 -536097271
170 181 -232942937
9 121 -987734554
44 118 -666632699
1 90 -274160468
15 18 -612892507
76 106 -727445012
11 43 -976990158
24 60 -198550216
1 3 -374216146
67 135 -661491954
59 96 -852139057
31 51 -452261641
69 122 -661854752
50 62 -351337811
18 71 -761557960
154 192 -729563680
14 24 -567168604
84 197 -39406299
88 151 -58544932
71 108 -147963880
79 112 -460923671
26 114 -51761166
92 123 -183783544
21 91 -619314953
23 63 -650143280
14 83 -327816106
43 49 -437259350
18 28 -811311361
37 78 -743272072
26 155 -930019990
28 37 -605742530
4 185 -146673151
14 87 -83776808
7 29 -199694696
80 164 -982905315
35 47 -251463979
128 138 -302979737
36 44 -761982907
30 116 -228365086
4 7 -74447192
51 160 -310964236
42 52 -612682033
45 46 -660910957
37 186 -615411504
7 66 -315828090
1 8 -276991557
20 45 -614256745
30 31 -256956687
4 97 -455996700
12 119 -674592723
2 156 -429560364
1 2 -821877554
56 102 -558399094
8 22 -884442103
118 139 -128163401
18 79 -746072829
113 150 -230629976
2 6 -953876584
61 73 -933363222
3 16 -149179258
7 11 -203187266
23 50 -789912487
47 111 -387729042
72 132 -314209229
20 26 -108165541
33 69 -190158463
137 189 -499565244
7 27 -818114281
3 146 -721603431
46 188 -888871493
60 161 -606099662
15 20 -7176135
110 154 -443550009
105 176 -650412944
11 94 -255430009
15 173 -233339005
69 86 -280380006
58 64 -341723729
30 126 -171702005
23 137 -382909721
111 147 -839496016
85 141 -588306255
87 190 -816787802
110 115 -795195564
48 61 -572526108
73 80 -557111150
7 113 -627699686
