1
200 199 113 0
-923201349 -636905791 -624818403 -230599187 -306470745 -413874076 -320565798 -775656831 -642415999 -427318092 -792944713 -565938294 -542278336 -11859705 -235191754 -955859724 -569368805 -263361415 -151046200 -332352909 -82348784 -950485074 -980510438 -17329676 -607083176 -266325068 -491219648 -787495466 -886499692 -252339641 -957333177 -782449473 -656424165 -86199160 -674311302 -891163045 -167486 -101558767 -743340854 -381649695 -266945786 -903952038 -601240810 -361647868 -202697333 -675181407 -191003921 -904943531 -607851632 -970534774 -673748689 -164743133 -595095686 -197388756 -527913237 -96639311 -366750130 -894115584 -606080317 -769511511 -847087532 -210311509 -203350694 -242578084 -97467416 -338913469 -415895804 -364992316 -958786875 -313665803 -894335676 -801284497 -114769174 -179338394 -845578688 -567625449 -440297355 -424506209 -244157022 -192641193 -870398781 -313840797 -450401641 -796230838 -968111125 -778358312 -1158215 -209593209 -620471677 -942045668 -324483421 -90692960 -567112856 -431905458 -291400321 -135247098 -31530441 -892733663 -3963405 -828731997 -345475700 -553395722 -215981287 -654634116 -441413265 -458249404 -960155803 -798622382 -223586254 -398767508 -715023235 -71218969 -640744071 -109876765 -705499233 -876324456 -247778837 -916692519 -592493684 -872697674 -780008009 -535349679 -860996970 -881775608 -485221901 -837245526 -34418392 -712330930 -49010629 -164538662 -19520416 -636791440 -694854772 -966709943 -561964690 -53004059 -42616209 -403779164 -97783654 -208225866 -782308855 -355762317 -869562619 -117750443 -195400520 -25021751 -996328448 -507583789 -558902466 -935731656 -756015278 -922373191 -922048875 -820277247 -880647978 -898139337 -970959292 -240895543 -358765683 -280041895 -857973469 -727017543 -6831359 -38704489 -158421754 -858759636 -273078691 -205494893 -226813544 -188430588 -67893740 -88094178 -784774437 -970169586 -504835929 -584416494 -541743193 -217014203 -155317434 -301369074 -937199917 -884494761 -141186806 -538172084 -159136141 -407577970 -642904402 -557390945 -350686352 -598352997 -218165688 -838487728 -160872788 -646046630 -17668947 -820845239 -898448557 -861820871 -606188750 -534655785
0 0 0 1 0 1 0 1 1 1 1 1 1 0 0 0 1 1 0 1 1 0 0 1 0 1 0 1 0 1 0 1 1 0 1 1 1 1 1 0 1 0 1 0 0 0 0 0 0 0 0 1 0 0 0 1 1 1 0 1 1 1 0 1 1 1 1 0 0 0 0 0 1 0 1 0 1 0 1 0 0 1 1 0 0 0 1 0 0 1 1 0 1 0 1 0 0 0 0 0 1 0 0 1 0 1 1 0 0 0 1 0 1 0 1 1 0 1 0 0 0 0 0 1 1 1 1 1 1 0 0 0 1 1 1 0 1 1 1 1 0 0 1 1 1 1 1 1 0 0 1 0 1 1 0 1 1 0 0 0 1 1 1 1 0 0 0 0 0 0 0 1 0 0 0 0 1 0 1 0 0 0 0 0 1 1 0 1 1 1 1 1 1 1 1 0 1 1 1 0
5 10 0
31 103 0
92 95 0
30 162 0
30 37 0
4 14 0
57 126 0
70 74 0
122 144 0
5 50 0
13 54 0
5 32 0
10 28 0
12 33 0
15 51 0
2 6 0
52 62 0
42 102 0
19 80 0
36 143 0
55 73 0
1 2 0
32 47 0
22 150 0
81 123 0
14 79 0
15 43 0
98 120 0
72 133 0
61 77 0
74 146 0
80 194 0
67 94 0
72 190 0
22 25 0
18 90 0
101 141 0
62 100 0
43 140 0
33 83 0
97 104 0
121 191 0
71 113 0
32 124 0
17 29 0
21 57 0
15 185 0
27 157 0
147 161 0
20 24 0
45 68 0
56 71 0
39 81 0
15 41 0
34 66 0
24 53 0
13 36 0
19 30 0
27 167 0
14 67 0
80 139 0
26 76 0
141 183 0
98 110 0
62 85 0
95 118 0
13 166 0
70 119 0
12 60 0
13 26 0
44 122 0
13 22 0
1 3 0
23 131 0
56 170 0
107 151 0
44 174 0
105 179 0
72 96 0
42 173 0
162 172 0
26 40 0
83 158 0
20 180 0
60 115 0
78 88 0
88 97 0
42 145 0
71 184 0
62 91 0
173 198 0
3 11 0
9 23 0
12 20 0
35 65 0
13 78 0
1 63 0
42 89 0
30 49 0
65 86 0
22 34 0
42 152 0
166 182 0
27 111 0
1 18 0
3 27 0
87 92 0
13 121 0
162 164 0
2 7 0
38 69 0
8 153 0
7 59 0
2 4 0
3 135 0
23 109 0
38 52 0
46 106 0
120 169 0
4 13 0
84 165 0
36 45 0
105 176 0
70 155 0
103 108 0
25 44 0
12 15 0
30 114 0
71 137 0
145 177 0
118 132 0
22 38 0
129 163 0
145 186 0
8 61 0
16 87 0
48 127 0
13 82 0
95 148 0
59 93 0
89 188 0
18 31 0
84 160 0
17 84 0
75 134 0
10 147 0
25 154 0
104 159 0
125 193 0
2 5 0
173 175 0
50 64 0
4 35 0
16 42 0
70 156 0
186 195 0
71 112 0
29 199 0
87 107 0
29 58 0
2 16 0
48 128 0
33 72 0
71 196 0
59 138 0
32 55 0
68 99 0
55 129 0
1 12 0
121 171 0
145 197 0
41 136 0
84 189 0
17 75 0
3 8 0
43 116 0
25 178 0
39 70 0
15 21 0
143 200 0
92 181 0
85 187 0
27 39 0
101 125 0
3 17 0
60 98 0
6 46 0
32 168 0
37 117 0
65 130 0
59 149 0
3 9 0
47 56 0
5 19 0
29 105 0
1 48 0
8 142 0
34 101 0
52 192 0
