1
200 190 197 96
0 -4 0 -5 0 -1 -2 -3 -2 -2 -1 -1 -5 -3 0 -2 -3 0 -4 -1 -3 -1 -1 -1 -1 0 0 -3 -4 -1 -3 0 -3 -4 -3 -3 -4 -3 -4 -2 -5 -4 -5 -2 -2 0 -3 0 -4 0 -1 -2 -5 -4 -2 -3 -5 -4 -2 -5 -2 0 -5 -5 -4 -3 -1 -5 -4 -3 -4 -5 -3 -2 -5 0 -5 0 -1 -4 -1 -5 -3 0 -4 -1 -1 -1 -4 0 -5 -4 -5 -3 -3 -3 -1 -2 -2 -3 -1 -1 -1 0 -3 0 -2 -5 -3 -5 -1 -5 -5 -2 -3 0 -1 -3 -4 0 -2 -2 0 -5 0 -4 -3 -2 -1 -2 0 -3 -4 0 -3 -2 0 -4 -3 -5 -4 -3 -5 -1 -1 -3 -5 -1 0 -5 -5 -2 -3 0 -3 -5 -1 -2 -4 0 -3 0 -3 -3 -2 -1 -1 -2 0 -5 -2 -4 -1 -1 -3 -3 -5 0 -4 -1 -3 -3 -2 -4 -2 0 -5 0 0 -4 -3 -2 -1 -5 -2 -1 -1 0 -3 -2
1 1 0 0 0 0 1 0 0 1 1 0 1 1 1 0 1 1 0 1 1 0 0 1 0 1 0 1 1 1 0 0 1 1 0 0 1 1 0 1 0 0 0 1 1 1 1 1 0 0 0 0 0 1 1 0 1 1 0 1 0 0 1 0 0 1 1 0 0 0 1 0 0 0 1 0 0 1 1 1 0 0 0 1 1 0 1 0 1 0 1 1 1 0 0 1 0 1 1 0 1 0 0 1 1 0 0 1 0 0 0 1 1 0 0 0 0 0 1 1 1 0 1 0 0 1 1 0 0 0 0 1 1 0 1 1 0 0 1 0 1 1 0 0 1 1 1 1 1 1 1 0 0 0 1 0 1 0 1 0 0 1 1 1 1 1 0 1 1 0 1 0 1 1 1 0 1 0 1 0 0 0 0 0 0 1 1 0 1 1 1 0 0 1 0 1 0 0 1 0
32 47 -4
93 122 -1
3 152 -4
3 89 -2
29 147 -3
13 17 -3
37 50 -1
18 74 -2
108 173 -3
39 78 -5
163 164 0
22 104 0
65 110 -1
5 41 -3
132 170 -1
28 79 -3
17 52 -3
63 132 -3
186 190 -1
164 176 -1
48 120 -4
9 19 0
120 146 -2
95 186 0
129 192 -3
6 18 -4
30 100 -2
2 26 -4
37 43 -3
19 36 -2
39 144 -1
52 76 -1
6 9 -4
29 39 -1
76 94 -2
22 134 -4
33 121 -5
49 158 -4
73 98 -5
108 165 0
4 123 -1
2 7 0
37 111 0
7 49 -3
18 115 -2
96 114 -5
104 179 0
89 108 -4
65 84 0
178 199 0
145 168 -2
68 73 -3
9 30 -4
34 129 -2
142 196 -2
121 197 -1
11 68 -5
65 141 -4
9 16 -3
32 139 -3
20 59 -3
3 27 -5
2 28 -5
142 169 -4
87 161 0
17 25 -2
125 162 -4
82 156 -2
125 140 -1
1 8 -4
49 101 -2
55 77 -4
63 181 -4
1 6 -2
7 163 0
41 88 -2
52 130 0
28 185 -2
23 198 -3
114 149 0
18 32 -2
27 63 -3
119 160 -1
111 116 -5
15 38 -5
20 56 -5
5 45 -2
39 172 -4
39 80 -1
20 55 -4
2 57 -1
84 126 0
6 14 -1
53 167 -5
44 133 -2
1 3 -3
24 61 -5
20 86 -4
97 127 -2
21 40 -2
40 75 -5
57 153 -2
62 187 -3
77 91 -3
103 154 -1
4 22 0
4 15 0
13 90 0
21 29 0
19 20 -4
193 194 -3
11 13 0
93 128 -4
1 4 -5
90 102 -3
44 95 -3
32 33 0
5 31 0
144 188 -3
13 62 0
6 10 -4
33 67 -3
45 143 0
112 157 -5
72 82 -1
119 189 -2
34 35 -2
36 85 -1
57 151 -5
44 135 -3
28 42 -3
44 174 -1
99 103 -4
49 58 0
23 97 -4
1 5 -3
97 182 -4
11 24 -1
136 183 0
23 72 -1
9 117 -5
59 109 -3
62 65 -2
133 166 -4
32 118 -4
52 93 -3
133 195 -5
49 137 -5
17 23 -4
33 51 -3
5 124 -4
1 2 -5
127 171 -5
8 37 -4
49 180 -5
129 136 0
8 83 -2
19 66 -3
4 150 -5
20 48 0
7 193 -4
23 107 -3
1 21 -3
48 145 -1
24 71 -2
173 175 -2
120 200 -4
126 191 0
50 64 0
130 138 -1
7 159 0
37 87 -5
43 46 -1
16 96 -3
17 113 -1
39 44 -3
44 70 -1
96 178 -2
22 60 -2
94 148 -3
110 131 -3
121 125 -1
45 54 -1
55 81 -5
18 155 -3
103 142 0
79 184 -2
46 112 -1
110 177 -3
56 119 -2
