1
200 197 165 82
-446536333 -113583359 -685040119 -23749398 -598650 -412179113 -807051026 -583203059 -303379319 -796251153 -5046569 -372939612 -897834372 -537269642 -644227320 -534001398 -819473364 -401190948 -308916352 -383610711 -998508284 -378825779 -673934365 -71231042 -811558349 -902574394 -604742973 -307678927 -895873881 -544664692 -491371957 -186440652 -867488148 -551329991 -539901931 -119117226 -664216983 -922564742 -266485984 -606360307 -845422688 -128581797 -840785893 -290300920 -772729474 -163794880 -570076710 -223788145 -331201466 -412157048 -469306389 -63717383 -23552247 -41214594 -121923122 -970694386 -427192698 -805509798 -764316567 -664485225 -722631369 -199980744 -31232024 -563182251 -23535225 -825647516 -370775305 -464270235 -798968371 -561627966 -265429365 -550295793 -980705661 -452965549 -458677982 -876215898 -2661822 -132647858 -569883774 -425725156 -470924626 -446962550 -47063032 -756338147 -869457847 -198663164 -974708051 -981347009 -14198583 -657359045 -453302599 -937209370 -85231880 -70744815 -325489535 -121102846 -265671288 -366261912 -441999073 -268340433 -322456525 -899781060 -654831736 -851377308 -847175900 -494753929 -356504957 -444584254 -657084180 -85002156 -218610091 -773527905 -199885683 -472349750 -383099761 -601005413 -549639519 -741718678 -664889977 -749380358 -598389543 -385293099 -457718328 -493494591 -76634284 -297700844 -137865660 -896833951 -106805069 -742653993 -337251123 -811424267 -222692384 -531162472 -486958991 -389487791 -686607908 -84627724 -535479382 -982451177 -760749895 -889751309 -220660796 -921379879 -416012695 -746888615 -692277880 -756473043 -578275801 -978879152 -645284847 -187303218 -386307176 -79204223 -879171146 -869947486 -161937429 -619317384 -901297009 -689893190 -109677523 -748799920 -601570957 -996412090 -289013593 -619262834 -163232987 -760124988 -623314309 -193557674 -784797278 -904526795 -267966511 -20962360 -287373120 -565113557 -291126106 -787049106 -154400645 -94546187 -361087064 -245031215 -442713801 -175054333 -129995480 -897579046 -467135207 -944375827 -822066692 -779753190 -884491755 -976782576 -24586525 -274785229 -26644718 -334018055 -186683485 -656214663 -497546206 -86516764
1 0 1 0 1 1 1 1 1 1 1 1 1 0 0 0 0 0 0 0 1 1 0 1 1 0 1 1 1 0 0 1 1 1 1 0 0 0 0 1 1 1 0 0 1 1 0 0 0 0 0 0 0 1 1 1 0 0 1 1 1 1 0 1 1 0 1 0 0 1 1 0 0 1 0 0 0 0 0 1 0 1 1 0 0 0 1 1 0 1 1 0 1 1 1 1 1 1 0 1 0 0 1 1 0 0 0 0 0 1 1 0 0 0 1 1 1 1 1 0 1 0 0 1 0 1 1 1 1 0 0 1 0 1 0 1 0 0 0 1 1 1 1 0 0 1 1 0 1 0 1 1 1 0 0 0 1 0 1 1 1 0 0 0 0 0 1 0 1 1 0 1 1 1 0 1 0 1 0 0 0 0 1 1 0 1 0 0 0 0 0 0 1 1 0 0 0 0 0 1
113 186 0
86 142 0
20 68 0
8 52 0
13 67 0
46 60 0
127 190 0
5 32 0
14 135 0
6 22 0
6 114 0
1 8 0
1 16 0
24 96 0
61 102 0
37 165 0
131 145 0
117 141 0
25 195 0
78 118 0
112 160 0
129 176 0
69 153 0
1 3 0
13 20 0
9 12 0
21 53 0
23 41 0
39 51 0
4 30 0
63 77 0
153 158 0
9 69 0
13 98 0
138 177 0
113 182 0
8 39 0
17 34 0
51 85 0
18 162 0
15 169 0
56 127 0
106 138 0
13 140 0
50 66 0
7 116 0
63 148 0
27 46 0
19 64 0
56 164 0
96 173 0
4 5 0
2 15 0
148 200 0
30 151 0
13 31 0
3 6 0
38 48 0
41 189 0
53 125 0
2 13 0
140 174 0
104 198 0
19 25 0
30 113 0
2 75 0
93 108 0
33 38 0
76 84 0
65 119 0
7 134 0
34 150 0
29 106 0
123 129 0
53 70 0
52 78 0
14 21 0
59 100 0
126 130 0
71 92 0
121 163 0
82 194 0
41 110 0
5 47 0
72 94 0
149 188 0
103 178 0
2 61 0
103 137 0
106 181 0
67 159 0
51 82 0
4 35 0
6 183 0
87 109 0
57 126 0
142 167 0
58 192 0
92 103 0
119 128 0
42 50 0
43 63 0
60 193 0
23 172 0
8 45 0
90 132 0
78 131 0
13 97 0
102 120 0
16 44 0
3 4 0
27 196 0
62 146 0
140 161 0
135 170 0
32 79 0
54 88 0
66 166 0
23 72 0
66 105 0
7 93 0
56 112 0
22 42 0
188 191 0
16 65 0
65 187 0
24 171 0
17 54 0
7 55 0
124 143 0
6 14 0
78 83 0
140 168 0
35 175 0
26 107 0
18 104 0
22 23 0
18 71 0
1 2 0
44 56 0
31 154 0
117 123 0
27 122 0
181 184 0
12 101 0
130 180 0
17 59 0
11 99 0
36 115 0
115 157 0
166 185 0
70 81 0
2 17 0
28 87 0
12 197 0
17 18 0
11 95 0
19 74 0
4 58 0
6 133 0
17 36 0
22 28 0
34 89 0
128 139 0
6 40 0
34 136 0
9 49 0
20 26 0
23 76 0
33 121 0
78 80 0
8 10 0
139 144 0
71 86 0
73 90 0
138 149 0
45 62 0
16 33 0
78 147 0
11 24 0
102 117 0
9 37 0
17 179 0
2 43 0
16 19 0
72 73 0
16 57 0
6 9 0
1 7 0
5 29 0
78 111 0
74 91 0
154 156 0
90 155 0
87 152 0
101 124 0
2 27 0
