1
200 186 165 82
-7 -19 -12 -7 -14 -8 -2 -12 -4 -5 -18 -10 -13 -3 -8 -5 -15 -9 -8 -11 -12 -8 -12 -6 -20 -19 -20 -10 -16 -9 -17 -13 -3 -8 -17 -15 -15 0 -13 -1 -4 -12 -12 -15 -9 -18 -14 -13 -3 -6 0 -16 -7 -16 -9 -4 -8 -15 -5 -7 -9 -18 -1 -14 -18 -19 -10 -14 -7 -20 -18 -1 -10 -5 -8 -15 -15 -20 -9 -13 -19 -10 0 -1 -9 -17 -10 -5 -17 -18 -2 -12 -12 -7 -4 -1 -16 -5 -6 -16 -15 -20 -6 -10 -15 -11 -11 -12 -1 -17 -6 0 -13 -2 -15 -20 -3 -9 0 0 -16 -11 -11 -20 0 -3 -4 -15 -20 -4 -13 -20 -12 0 -14 -1 -10 -8 -2 -20 -12 0 -11 -10 0 -4 -8 -3 -12 -10 -5 -11 -15 -15 -15 -13 -1 -12 -4 -16 0 -2 -4 -8 -19 -10 -15 -13 -7 -2 -12 -11 -6 -16 -1 -16 -11 -7 -10 -12 -19 -10 -12 -18 -4 -7 -11 -13 -5 -8 -6 -6 -14 -5 -13 -5 -16 -17 -17 -8
1 1 1 0 1 1 0 1 1 1 0 1 1 0 1 1 1 0 0 0 1 0 1 1 0 1 0 1 0 0 0 0 0 0 1 0 0 1 1 1 0 1 0 1 0 1 0 0 1 1 1 0 1 0 0 1 0 0 0 0 1 0 1 1 1 0 1 1 1 0 0 0 1 1 1 0 0 0 1 0 0 0 0 1 0 1 0 1 1 1 0 0 1 1 0 1 1 1 0 1 1 1 0 0 0 0 1 0 0 0 1 1 1 1 0 0 1 0 0 1 1 0 0 0 1 1 1 1 1 1 1 0 1 1 0 0 1 0 1 0 0 1 1 0 1 0 0 0 0 1 1 1 1 0 1 0 0 0 1 0 1 1 0 1 0 0 1 1 0 0 0 0 0 1 0 0 1 1 1 0 0 1 1 1 1 0 0 1 0 0 0 1 1 0 0 0 1 1 0 0
30 78 -10
89 180 -5
66 72 -8
47 57 -8
14 16 -10
1 21 -11
2 41 -12
132 148 -15
16 52 -17
47 112 -6
2 107 -4
16 98 -12
24 165 -8
1 10 -9
34 70 -5
32 51 -19
13 197 -3
35 46 -19
11 126 -6
55 133 -4
31 175 -7
1 131 -18
79 95 -7
59 176 -15
30 94 -2
99 108 -3
123 168 -3
42 106 -5
8 12 -2
73 181 -20
25 60 -5
126 134 -7
68 129 -1
7 18 -15
76 123 -15
13 15 -8
4 87 0
6 103 -12
21 27 -6
93 102 -20
67 92 -20
84 100 -9
69 88 -20
1 90 -13
1 4 -3
18 42 -3
2 17 -7
36 125 -7
134 149 -3
17 177 -4
10 55 -1
46 122 -8
26 71 -11
4 14 -4
49 157 -16
40 85 -10
82 137 -11
127 167 -11
40 111 -9
1 7 -14
27 28 -8
15 188 -17
148 163 -17
133 146 -10
54 114 -5
115 128 -1
22 127 -9
51 115 -12
62 152 -2
39 141 -10
41 147 -15
48 77 -18
29 124 -11
8 54 -18
42 143 -20
106 199 -8
5 22 -19
113 185 -18
25 119 -14
4 39 -18
78 144 -2
107 117 -18
3 40 -15
67 140 0
32 58 -12
80 118 -8
39 76 -3
55 73 -5
48 53 0
28 47 -16
21 45 -17
130 193 -13
95 132 -11
5 6 -17
146 151 -9
148 156 -10
17 19 -3
1 3 -11
4 91 -16
98 109 -14
21 43 -3
10 99 -1
8 13 -14
54 65 0
58 155 -1
86 173 -12
5 96 -19
42 179 -7
23 160 -4
23 44 -20
74 89 -19
134 135 -11
17 23 -5
44 50 -8
29 69 0
104 174 -13
2 8 -8
131 150 -10
22 161 -1
44 56 -14
5 25 -17
45 49 -15
28 67 -10
61 169 0
24 74 -17
97 166 -14
74 101 -7
10 48 -15
58 97 -12
23 66 -19
60 62 -18
77 105 -9
38 63 -8
60 61 -15
6 37 -15
4 30 -14
69 189 -15
26 164 -1
39 187 -8
1 116 -19
29 35 -12
16 32 -14
54 75 -15
66 113 0
15 24 -15
1 5 -1
32 59 -11
1 31 -14
42 82 -6
36 80 -8
150 196 -2
134 172 -13
15 34 -17
130 158 0
62 183 -2
132 138 -2
129 198 -10
16 38 -2
71 182 -16
118 145 -9
82 83 -7
8 26 -18
8 68 -11
82 136 -7
131 142 -18
116 195 -10
12 178 0
6 81 -4
24 130 -8
74 192 0
1 2 -4
2 9 -14
20 84 0
20 186 -19
165 190 -18
29 121 -2
49 79 -2
41 162 0
18 29 -18
44 110 -16
96 139 -7
119 120 -15
150 153 -2
16 36 -2
110 184 -3
60 64 -11
