1
200 135 164 0
0 0 0 0 0 0 0 0 0 0 0 0 0 0 0 0 0 0 0 0 0 0 0 0 0 0 0 0 0 0 0 0 0 0 0 0 0 0 0 0 0 0 0 0 0 0 0 0 0 0 0 0 0 0 0 0 0 0 0 0 0 0 0 0 0 0 0 0 0 0 0 0 0 0 0 0 0 0 0 0 0 0 0 0 0 0 0 0 0 0 0 0 0 0 0 0 0 0 0 0 0 0 0 0 0 0 0 0 0 0 0 0 0 0 0 0 0 0 0 0 0 0 0 0 0 0 0 0 0 0 0 0 0 0 0 0 0 0 0 0 0 0 0 0 0 0 0 0 0 0 0 0 0 0 0 0 0 0 0 0 0 0 0 0 0 0 0 0 0 0 0 0 0 0 0 0 0 0 0 0 0 0 0 0 0 0 0 0 0 0 0 0 0 0 0 0 0 0 0 0
1 1 1 0 1 0 1 1 0 1 1 1 1 1 1 0 0 1 1 1 1 1 0 1 1 1 1 0 0 0 1 0 0 1 1 1 1 0 0 1 1 1 1 0 1 1 0 1 1 1 0 0 1 0 1 0 1 0 1 1 0 1 0 1 0 1 1 0 1 0 1 0 1 1 1 1 1 0 1 1 1 1 0 1 1 1 1 1 1 0 0 1 1 1 1 0 1 1 0 1 1 1 1 1 1 1 1 1 1 1 0 1 1 1 0 0 0 1 0 1 1 1 1 0 1 1 1 0 0 1 1 0 1 1 1 1 1 1 1 1 1 1 1 0 1 1 0 0 1 1 1 1 1 1 1 1 1 0 1 0 0 1 1 1 1 0 1 1 1 1 1 0 1 1 0 0 0 1 1 1 1 1 1 1 0 1 1 1 1 0 1 1 1 1 1 0 1 1 1 0
69 140 -536605953
64 199 -419725450
165 172 -840963201
1 3 -821682488
100 145 -546236404
130 146 -250305593
111 119 -83690336
26 33 -132541209
117 176 -370510842
16 100 -981415395
45 80 -117189256
67 118 -764616715
30 36 -596874346
34 39 -67801506
27 48 -833537938
43 61 -580836508
115 122 -767548697
111 114 -396265458
80 93 -522315223
64 95 -300440239
11 16 -880756533
24 185 -966997165
17 111 -255599982
40 63 -323348437
56 138 -646267365
8 17 -431337991
3 20 -503887906
148 166 -134779584
21 57 -441741345
52 131 -173309758
175 195 -747178415
4 11 -641090651
61 72 -876367370
98 129 -430533210
65 104 -226030048
67 143 -303426793
101 193 -751684264
1 2 -848971578
182 194 -422545957
20 47 -112468592
7 18 -82532610
93 155 -943543764
88 157 -591741301
2 113 -408949628
29 38 -464262429
133 168 -701977457
30 106 -642002540
7 46 -12129463
19 28 -664569500
19 49 -295456959
46 59 -106055117
2 30 -262599685
25 161 -456726323
40 54 -468402102
68 73 -671074191
109 125 -449285578
71 76 -682942254
25 105 -57076974
39 53 -822919255
8 170 -262286348
63 164 -512875504
122 132 -214320783
30 34 -859764478
53 184 -193282811
2 149 -781870763
3 7 -756904998
32 44 -645964889
47 180 -244227703
34 123 -78760647
21 42 -125402956
4 68 -130205260
18 19 -985528541
6 14 -333610143
34 41 -409845983
96 130 -627903712
10 55 -975981420
105 115 -602943575
10 71 -712602929
50 128 -438087047
12 174 -500104655
104 156 -868641590
62 66 -290362799
12 27 -458444129
17 45 -394363879
93 133 -402081921
108 153 -168755618
114 142 -49090904
152 171 -266333098
10 89 -832733944
14 22 -7970184
75 121 -351293030
32 147 -204172292
55 99 -952594400
18 135 -936221669
4 188 -833401821
45 103 -320546157
115 134 -364867891
10 70 -25494771
16 150 -793059811
106 162 -999718696
63 165 -616917072
4 10 -108025413
48 84 -432150481
97 112 -223767858
179 181 -890999793
25 64 -133104649
42 77 -779453273
137 151 -537664477
62 109 -314797935
59 152 -876007661
97 200 -506866431
43 127 -648835639
1 12 -475422643
116 117 -659807992
2 4 -599143888
106 186 -103421606
75 160 -352464754
38 58 -951472871
23 178 -619813577
10 21 -526547063
42 90 -91705355
46 120 -847807783
114 183 -731851274
23 25 -610239428
29 52 -863889373
15 24 -852750705
55 110 -383287304
33 158 -633806147
158 169 -561362573
115 177 -10787019
20 167 -775763368
76 88 -717798895
18 35 -905401597
186 191 -149506327
21 69 -314752148
