1
200 182 93 7
-1 -1 -4 0 0 -1 0 -5 -1 -4 -1 -3 -1 -3 -2 -4 -1 0 -4 -5 0 -1 -4 0 -5 -1 -1 -5 0 -1 -5 0 -5 -2 -4 -2 -3 -2 -2 -5 0 -3 -3 -2 -4 0 -1 -5 -4 -1 -5 -3 -4 -3 -4 -1 -3 -2 -1 -4 -3 -3 0 -3 -3 0 -5 -5 0 -1 -5 -3 -2 -5 0 -2 -4 -5 -4 -2 -1 -2 -3 -3 0 -1 -3 -1 -2 -1 -2 -2 0 -1 -2 0 -2 0 -1 -5 -1 -2 -2 -4 -3 0 -1 0 0 0 -1 -1 -3 -2 -2 -1 0 -2 0 -3 -4 -3 -1 -3 -3 -4 -1 -1 -2 -1 -3 -2 -3 -4 -4 -3 -1 -1 0 -5 -3 -4 -2 -1 -4 -2 0 -2 -3 -2 -5 -2 -2 -2 0 0 -4 -4 -4 -3 -3 0 -1 -4 0 -4 -3 0 0 -3 0 -2 -1 -1 -3 -1 -3 -5 -5 -3 -2 -3 -1 -4 0 -1 -4 -5 -3 -5 -5 -2 -3 -2 -2 0 -3 -1 -5 -5
0 1 0 0 1 0 0 1 1 1 0 0 1 0 1 0 0 1 1 1 1 1 0 0 0 1 0 1 1 0 1 0 1 1 0 1 1 1 0 0 1 0 0 0 0 1 1 0 1 1 1 0 1 1 0 0 0 1 1 1 0 0 0 1 0 1 1 0 0 0 0 1 0 1 0 1 0 1 1 1 1 1 0 0 1 1 0 1 0 1 0 0 1 0 0 1 1 0 1 0 1 0 1 0 1 0 0 0 0 0 0 0 1 0 1 1 0 1 0 1 0 0 0 0 1 1 1 1 0 0 1 0 1 1 1 1 1 1 0 1 0 1 1 0 1 0 0 1 0 0 0 0 1 1 0 0 1 0 1 1 0 1 1 1 1 0 0 1 1 1 1 0 1 0 0 1 0 1 1 0 0 0 1 1 0 0 0 1 0 1 1 0 1 0 0 1 0 0 0 1
137 155 -3
2 18 -2
44 128 0
1 2 -1
41 43 -5
4 110 -5
48 94 0
38 39 -4
62 77 0
13 138 -1
39 86 -5
132 186 0
5 6 0
9 81 -1
166 188 -4
42 65 -3
10 70 -5
22 145 -4
92 100 0
35 162 0
11 31 -5
89 173 0
3 45 0
84 97 -1
52 54 -3
6 38 -1
6 46 -1
38 181 -5
89 184 -3
11 165 -5
56 68 -2
58 74 -3
20 55 -4
7 15 -1
1 146 -4
33 41 -2
25 27 -3
64 125 0
4 198 -3
27 85 -2
136 171 -2
44 178 -4
160 170 -1
53 101 -5
5 32 0
25 117 0
41 92 -1
95 136 -3
21 37 -5
3 33 -5
67 76 -4
26 93 -4
28 50 0
43 147 0
132 168 0
158 160 -5
106 140 -5
16 127 -1
25 107 -4
50 78 -4
30 132 -1
15 52 0
116 143 0
129 176 -2
9 25 0
101 185 0
59 157 -2
40 179 -3
17 34 -2
91 152 -4
44 66 -1
96 141 -2
25 53 -1
36 156 -2
1 98 -2
153 172 -1
30 56 -4
24 75 0
81 187 -3
23 47 -4
104 131 -2
6 17 -1
27 91 -4
43 63 -5
114 139 -2
10 59 -2
15 69 -1
6 49 -3
3 21 0
66 150 -5
50 116 -2
10 151 0
78 154 0
17 23 -1
5 120 -3
41 137 -2
20 158 -1
19 61 -1
16 57 -3
17 73 -1
105 190 -1
9 42 -1
48 194 -5
40 105 -2
1 118 -3
1 5 -5
127 174 -1
26 80 -3
149 193 -4
77 87 -4
118 192 -4
43 60 0
113 121 -4
54 79 0
80 142 -1
1 106 0
8 28 -5
64 113 -1
31 90 -1
194 195 -2
30 126 -1
35 44 -1
49 153 -2
25 71 -2
98 166 0
38 111 -1
6 20 -1
10 16 -1
127 191 -5
6 58 -1
9 164 -2
112 167 -1
122 144 -4
47 95 0
74 89 -1
40 177 -5
4 11 -3
50 51 -5
71 72 -4
79 129 -1
5 35 -4
12 62 -5
6 200 -1
136 175 0
56 189 -2
1 4 -3
3 12 -2
31 180 0
113 183 -5
92 109 -2
2 14 -5
20 22 -3
83 135 -5
18 30 -2
72 83 0
5 8 -2
56 197 -4
3 67 -2
15 114 -1
17 161 -1
5 7 -5
74 169 -2
77 159 0
20 88 -4
2 40 -1
76 115 -4
98 133 -3
46 122 -4
2 3 -4
63 96 0
103 124 -1
157 163 -1
32 64 0
68 82 -4
61 104 -5
12 36 -2
62 119 -2
16 108 0
16 24 0
17 148 -5
55 112 -2
1 9 0
