1
200 104 143 42
-997529352 -531435790 -849719647 -711513105 -239510929 -84683917 -989458954 -394449088 -918391756 -304626314 -165653593 -975777059 -135041613 -34652598 -450897530 -459263531 -435283524 -151192386 -787489433 -624374882 -882401573 -965503597 -151659734 -586815552 -691050319 -416542897 -252070057 -87200754 -693297575 -548850097 -644179839 -508051285 -442304471 -170070428 -776189835 -429295240 -188219746 -833686025 -499843747 -795915583 -870055506 -695061728 -617821128 -151042367 -169307921 -198531233 -40334514 -605656092 -677967983 -817477632 -777472520 -392958909 -742708653 -690125229 -753624626 -613921808 -159643871 -557850850 -940905960 -770731577 -475004809 -116785709 -677066206 -677275908 -84206809 -140472248 -73257923 -945159426 -91498193 -596922727 -878624919 -970231015 -304736896 -762963045 -680767483 -924142820 -473085330 -215635822 -840995692 -735093320 -688489105 -862690267 -288890002 -776992814 -873802533 -63397131 -820403618 -206572989 -516012878 -574169892 -416878917 -738161788 -527157484 -155604561 -123109188 -248162027 -145456508 -57589848 -833015635 -476299252 -251223992 -360997430 -694625436 -362815510 -535278339 -685128122 -787541285 -498265603 -287964450 -820470672 -140910793 -230989269 -329216014 -199517607 -632593820 -182306639 -579570472 -551159668 -594905083 -889753549 -325439352 -894339015 -958920581 -953925836 -665454865 -179000776 -305216059 -609944807 -496254602 -817776081 -915597623 -944467778 -515320659 -887237128 -575297422 -268474783 -48949676 -543166037 -804301399 -840823302 -632929133 -711959970 -802240912 -864518543 -485995153 -796126740 -508072904 -379983000 -376412360 -15835080 -994026077 -345392942 -629779236 -822546825 -739838168 -48192061 -889196734 -712293272 -317069833 -509092471 -619269362 -772996186 -479000587 -73779051 -497389413 -283805424 -86642705 -418780019 -482163514 -321873611 -365760662 -609614358 -288104167 -380921309 -786184351 -457003821 -797200075 -882562896 -437664585 -229354491 -333598375 -7195717 -940339186 -658563316 -611253590 -426436664 -989360360 -525311173 -399526314 -561007952 -706646944 -337205526 -200612533 -85175517 -674368904 -839907716 -887936245 -633026377 -678236071 -537249263
0 0 0 1 1 1 0 0 1 1 1 1 1 1 1 1 1 0 1 0 1 1 0 0 0 1 1 1 0 1 1 1 1 0 1 1 1 1 1 0 0 0 1 1 1 0 0 1 0 0 1 1 1 1 1 0 1 0 1 0 0 1 1 0 0 0 1 1 0 1 1 0 1 1 0 1 1 1 0 1 1 1 0 1 1 0 1 1 1 1 0 1 0 1 0 0 1 0 0 0 0 1 1 1 1 1 0 0 0 1 0 0 1 1 1 1 1 1 1 1 1 1 0 0 0 0 0 1 1 0 1 0 1 1 1 0 0 1 1 1 0 1 1 1 1 0 1 1 1 0 1 1 1 1 0 1 1 1 1 0 1 1 0 1 1 0 1 1 1 0 1 1 0 0 1 1 0 0 1 1 1 1 1 1 0 1 0 1 0 0 0 0 1 0 0 1 0 0 1 1
111 174 0
6 21 0
6 19 0
76 124 0
3 5 0
124 147 0
102 113 0
25 61 0
24 58 0
92 114 0
147 184 0
33 48 0
130 157 0
69 98 0
22 159 0
4 18 0
33 62 0
127 190 0
37 110 0
79 84 0
39 54 0
1 57 0
7 93 0
64 152 0
6 7 0
9 15 0
15 20 0
64 75 0
16 89 0
30 52 0
45 171 0
30 45 0
72 150 0
59 95 0
32 64 0
141 144 0
26 28 0
2 134 0
2 4 0
79 167 0
11 30 0
150 169 0
142 172 0
42 74 0
42 115 0
17 70 0
65 179 0
107 146 0
94 145 0
15 107 0
5 8 0
30 67 0
45 111 0
2 119 0
90 192 0
34 161 0
1 76 0
83 181 0
13 116 0
96 104 0
49 106 0
11 59 0
5 135 0
21 109 0
41 43 0
173 185 0
79 103 0
28 50 0
145 149 0
108 178 0
15 86 0
127 139 0
9 26 0
31 78 0
21 55 0
18 133 0
15 16 0
25 71 0
90 117 0
80 191 0
38 91 0
63 164 0
14 53 0
66 136 0
6 105 0
101 108 0
129 160 0
1 173 0
11 63 0
6 35 0
37 40 0
87 96 0
68 99 0
9 27 0
25 199 0
33 36 0
188 189 0
14 46 0
49 101 0
70 132 0
124 128 0
7 9 0
50 85 0
37 97 0
