1
200 199 31 15
-1000000000 -1000000000 -1000000000 -1000000000 -1000000000 -1000000000 -1000000000 -1000000000 -1000000000 -1000000000 -1000000000 -1000000000 -1000000000 -1000000000 -1000000000 -1000000000 -1000000000 -1000000000 -1000000000 -1000000000 -1000000000 -1000000000 -1000000000 -1000000000 -1000000000 -1000000000 -1000000000 -1000000000 -1000000000 -1000000000 -1000000000 -1000000000 -1000000000 -1000000000 -1000000000 -1000000000 -1000000000 -1000000000 -1000000000 -1000000000 -1000000000 -1000000000 -1000000000 -1000000000 -1000000000 -1000000000 -1000000000 -1000000000 -1000000000 -1000000000 -1000000000 -1000000000 -1000000000 -1000000000 -1000000000 -1000000000 -1000000000 -1000000000 -1000000000 -1000000000 -1000000000 -1000000000 -1000000000 -1000000000 -1000000000 -1000000000 -1000000000 -1000000000 -1000000000 -1000000000 -1000000000 -1000000000 -1000000000 -1000000000 -1000000000 -1000000000 -1000000000 -1000000000 -1000000000 -1000000000 -1000000000 -1000000000 -1000000000 -1000000000 -1000000000 -1000000000 -1000000000 -1000000000 -1000000000 -1000000000 -1000000000 -1000000000 -1000000000 -1000000000 -1000000000 -1000000000 -1000000000 -1000000000 -1000000000 -1000000000 -1000000000 -1000000000 -1000000000 -1000000000 -1000000000 -1000000000 -1000000000 -1000000000 -1000000000 -1000000000 -1000000000 -1000000000 -1000000000 -1000000000 -1000000000 -1000000000 -1000000000 -1000000000 -1000000000 -1000000000 -1000000000 -1000000000 -1000000000 -1000000000 -1000000000 -1000000000 -1000000000 -1000000000 -1000000000 -1000000000 -1000000000 -1000000000 -1000000000 -1000000000 -1000000000 -1000000000 -1000000000 -1000000000 -1000000000 -1000000000 -1000000000 -1000000000 -1000000000 -1000000000 -1000000000 -1000000000 -1000000000 -1000000000 -1000000000 -1000000000 -1000000000 -1000000000 -1000000000 -1000000000 -1000000000 -1000000000 -1000000000 -1000000000 -1000000000 -1000000000 -1000000000 -1000000000 -1000000000 -1000000000 -1000000000 -1000000000 -1000000000 -1000000000 -1000000000 -1000000000 -1000000000 -1000000000 -1000000000 -1000000000 -1000000000 -1000000000 -1000000000 -1000000000 -1000000000 -1000000000 -1000000000 -1000000000 -1000000000 -1000000000 -1000000000 -1000000000 -1000000000 -1000000000 -1000000000 -1000000000 -1000000000 -1000000000 -1000000000 -1000000000 -1000000000 -1000000000 -1000000000 -1000000000 -1000000000 -1000000000
1 1 1 1 1 0 0 1 0 0 1 0 0 0 0 0 0 0 1 0 0 0 1 1 0 1 0 0 1 0 0 1 0 1 1 0 0 0 0 0 1 0 0 0 0 0 1 0 0 0 1 1 0 0 0 0 0 0 1 0 0 0 1 0 0 0 0 0 0 0 0 0 0 0 1 0 0 0 0 0 0 0 1 1 0 0 0 0 1 0 0 0 0 0 0 0 1 1 0 0 1 0 1 0 0 1 0 1 0 0 0 0 1 0 0 0 0 1 0 0 1 0 1 0 0 0 0 1 0 1 0 1 0 1 0 0 1 1 0 0 0 0 1 0 0 0 1 0 0 1 0 0 0 0 0 0 0 0 0 0 0 1 0 1 0 1 1 0 0 0 0 0 0 0 1 1 0 1 0 0 1 1 0 0 1 0 1 1 1 0 1 0 0 0 0 0 0 1 0 1
81 113 -1000000000
108 152 -1000000000
10 20 -1000000000
42 120 -1000000000
1 2 -1000000000
16 198 -1000000000
7 14 -1000000000
29 191 -1000000000
42 43 -1000000000
72 111 -1000000000
103 117 -1000000000
6 23 -1000000000
73 101 -1000000000
68 112 -1000000000
3 9 -1000000000
1 181 -1000000000
41 99 -1000000000
13 62 -1000000000
145 165 -1000000000
15 158 -1000000000
76 100 -1000000000
2 5 -1000000000
23 173 -1000000000
3 4 -1000000000
9 184 -1000000000
58 104 -1000000000
65 172 -1000000000
141 164 -1000000000
37 71 -1000000000
16 64 -1000000000
25 102 -1000000000
9 29 -1000000000
117 149 -1000000000
25 92 -1000000000
81 170 -1000000000
3 74 -1000000000
11 33 -1000000000
116 129 -1000000000
53 134 -1000000000
51 56 -1000000000
108 151 -1000000000
24 40 -1000000000
5 6 -1000000000
58 75 -1000000000
18 80 -1000000000
120 126 -1000000000
48 91 -1000000000
8 34 -1000000000
87 109 -1000000000
57 88 -1000000000
54 160 -1000000000
17 39 -1000000000
102 155 -1000000000
48 60 -1000000000
28 178 -1000000000
54 135 -1000000000
135 157 -1000000000
7 47 -1000000000
9 27 -1000000000
145 193 -1000000000
23 30 -1000000000
74 169 -1000000000
8 28 -1000000000
1 3 -1000000000
84 148 -1000000000
8 19 -1000000000
14 108 -1000000000
151 161 -1000000000
137 175 -1000000000
37 45 -1000000000
19 32 -1000000000
130 171 -1000000000
16 141 -1000000000
8 31 -1000000000
91 121 -1000000000
44 46 -1000000000
16 37 -1000000000
50 98 -1000000000
103 127 -1000000000
23 55 -1000000000
34 105 -1000000000
54 107 -1000000000
34 154 -1000000000
8 11 -1000000000
118 130 -1000000000
18 24 -1000000000
132 144 -1000000000
13 50 -1000000000
53 83 -1000000000
77 103 -1000000000
56 162 -1000000000
41 44 -1000000000
128 145 -1000000000
105 188 -1000000000
93 156 -1000000000
2 59 -1000000000
26 197 -1000000000
27 183 -1000000000
157 174 -1000000000
15 68 -1000000000
92 118 -1000000000
7 85 -1000000000
17 48 -1000000000
13 176 -1000000000
50 122 -1000000000
60 79 -1000000000
4 12 -1000000000
75 200 -1000000000
15 166 -1000000000
15 36 -1000000000
17 22 -1000000000
34 133 -1000000000
6 73 -1000000000
69 81 -1000000000
74 86 -1000000000
92 97 -1000000000
101 150 -1000000000
40 147 -1000000000
10 21 -1000000000
13 116 -1000000000
108 142 -1000000000
28 70 -1000000000
29 57 -1000000000
71 96 -1000000000
9 90 -1000000000
67 177 -1000000000
78 84 -1000000000
126 196 -1000000000
1 17 -1000000000
9 10 -1000000000
35 125 -1000000000
32 42 -1000000000
124 187 -1000000000
59 190 -1000000000
2 58 -1000000000
101 128 -1000000000
5 41 -1000000000
140 153 -1000000000
22 72 -1000000000
80 106 -1000000000
22 124 -1000000000
53 65 -1000000000
85 139 -1000000000
40 54 -1000000000
3 7 -1000000000
17 26 -1000000000
88 89 -1000000000
50 66 -1000000000
92 110 -1000000000
8 167 -1000000000
38 115 -1000000000
42 146 -1000000000
101 119 -1000000000
10 87 -1000000000
10 16 -1000000000
111 168 -1000000000
43 132 -1000000000
89 199 -1000000000
33 95 -1000000000
11 143 -1000000000
46 63 -1000000000
66 78 -1000000000
13 38 -1000000000
35 69 -1000000000
97 159 -1000000000
137 194 -1000000000
8 15 -1000000000
54 131 -1000000000
10 138 -1000000000
96 189 -1000000000
29 67 -1000000000
10 35 -1000000000
50 195 -1000000000
135 137 -1000000000
89 94 -1000000000
114 123 -1000000000
2 53 -1000000000
53 185 -1000000000
11 49 -1000000000
154 163 -1000000000
102 180 -1000000000
50 76 -1000000000
17 114 -1000000000
49 77 -1000000000
28 182 -1000000000
35 136 -1000000000
22 25 -1000000000
33 61 -1000000000
146 186 -1000000000
4 13 -1000000000
6 51 -1000000000
55 140 -1000000000
1 8 -1000000000
4 18 -1000000000
14 82 -1000000000
29 52 -1000000000
42 93 -1000000000
25 192 -1000000000
178 179 -1000000000
