1
200 102 164 5
-2 -3 -1 -5 -2 -3 -2 -2 -5 -1 -2 -1 -1 -2 -2 -2 -4 -5 -2 0 -5 0 0 -1 -5 -5 -4 -2 -1 -4 -1 -3 -3 -4 -4 -1 -3 -3 -3 0 -4 -4 -1 -4 -4 -3 -1 0 -3 -1 0 -5 -1 -1 -4 0 -4 0 -3 -2 -3 -2 -4 -2 -4 -3 -4 -5 -3 -5 -5 -3 0 -2 -4 -3 0 -2 -5 -2 -1 0 -1 0 -4 0 -1 -2 -4 -1 -4 -1 -4 -2 -2 -5 -1 -1 -1 -4 -3 -5 -1 -5 0 -5 -1 -2 0 -1 -1 -3 -1 -4 -2 -1 -1 -1 -2 -4 0 -3 -3 -3 -3 -5 -5 -4 -5 0 -5 0 -5 -4 -1 0 0 0 -5 -3 -1 -3 0 0 -1 -4 -4 0 -4 -1 0 0 0 -4 -1 -3 0 -1 -1 -1 -3 -3 -4 -5 -2 -2 -3 -3 -3 -4 -2 -2 -4 0 -5 -2 -5 0 -5 -2 -3 -1 -3 -3 -4 -3 -3 -3 -1 0 -3 -3 -2 -2 -3 -2 -2 -2 -5 -4
0 1 0 1 0 0 1 1 0 1 1 1 0 1 1 1 0 1 1 0 0 1 0 0 0 1 1 0 1 0 1 0 0 1 1 1 0 1 0 1 1 0 1 0 1 0 1 1 1 1 0 1 0 1 0 1 1 1 1 1 1 0 0 0 0 1 1 0 0 0 0 0 0 0 0 0 0 1 0 0 1 1 1 1 0 1 0 1 0 1 1 1 0 0 1 0 0 0 0 1 1 1 1 1 1 0 0 1 1 0 0 0 1 0 1 0 0 0 0 0 1 0 1 0 0 0 1 1 1 1 1 0 1 0 1 1 0 0 1 0 1 1 0 0 1 1 0 1 0 0 1 1 0 1 1 0 0 0 1 0 0 1 0 0 0 1 1 0 0 1 0 0 0 1 1 1 1 1 0 0 0 1 1 0 0 1 1 1 1 0 1 1 0 0 0 0 0 1 1 0
132 200 -1
36 70 -3
8 122 -1
11 78 -5
84 194 -5
107 167 -1
111 197 -4
5 6 -4
25 34 -3
51 168 -2
122 199 -1
29 179 -1
14 86 -1
11 183 -4
28 47 -5
31 117 -3
49 165 -4
133 169 -2
122 143 -5
19 67 -4
2 3 -2
92 106 0
59 103 -3
57 95 -3
16 17 -1
26 31 -4
7 27 -5
5 15 -3
30 32 -4
39 92 -1
10 28 -2
85 151 -5
8 62 -5
112 146 -5
48 154 -1
3 5 0
23 33 -4
76 170 -3
82 138 -3
20 137 -1
14 37 -2
18 64 -3
67 99 -1
14 61 -2
43 77 -3
39 97 -2
27 36 0
124 129 -1
37 72 -3
14 20 -5
142 188 -5
28 173 0
47 87 -4
25 171 0
13 71 -5
66 107 -5
121 134 -4
33 49 -3
81 105 0
14 79 -4
143 150 -1
52 116 -5
4 29 -4
67 186 -5
7 69 -4
34 41 -1
1 2 -5
14 162 -2
32 53 0
81 180 -2
57 94 -5
80 83 -4
32 45 0
53 55 -1
118 131 0
34 60 -5
2 59 -1
67 147 -2
110 132 -2
80 88 0
1 12 -3
45 48 0
12 24 -2
62 125 -2
55 135 -2
5 140 -4
66 159 -5
103 136 -2
40 160 -3
61 193 0
1 85 -5
112 114 -3
16 25 -5
17 153 -2
56 74 -3
1 4 -5
7 18 -2
57 189 0
11 35 -4
134 181 -1
7 51 -2
127 178 0
