1
200 142 200 0
-1000000000 -1000000000 -1000000000 -1000000000 -1000000000 -1000000000 -1000000000 -1000000000 -1000000000 -1000000000 -1000000000 -1000000000 -1000000000 -1000000000 -1000000000 -1000000000 -1000000000 -1000000000 -1000000000 -1000000000 -1000000000 -1000000000 -1000000000 -1000000000 -1000000000 -1000000000 -1000000000 -1000000000 -1000000000 -1000000000 -1000000000 -1000000000 -1000000000 -1000000000 -1000000000 -1000000000 -1000000000 -1000000000 -1000000000 -1000000000 -1000000000 -1000000000 -1000000000 -1000000000 -1000000000 -1000000000 -1000000000 -1000000000 -1000000000 -1000000000 -1000000000 -1000000000 -1000000000 -1000000000 -1000000000 -1000000000 -1000000000 -1000000000 -1000000000 -1000000000 -1000000000 -1000000000 -1000000000 -1000000000 -1000000000 -1000000000 -1000000000 -1000000000 -1000000000 -1000000000 -1000000000 -1000000000 -1000000000 -1000000000 -1000000000 -1000000000 -1000000000 -1000000000 -1000000000 -1000000000 -1000000000 -1000000000 -1000000000 -1000000000 -1000000000 -1000000000 -1000000000 -1000000000 -1000000000 -1000000000 -1000000000 -1000000000 -1000000000 -1000000000 -1000000000 -1000000000 -1000000000 -1000000000 -1000000000 -1000000000 -1000000000 -1000000000 -1000000000 -1000000000 -1000000000 -1000000000 -1000000000 -1000000000 -1000000000 -1000000000 -1000000000 -1000000000 -1000000000 -1000000000 -1000000000 -1000000000 -1000000000 -1000000000 -1000000000 -1000000000 -1000000000 -1000000000 -1000000000 -1000000000 -1000000000 -1000000000 -1000000000 -1000000000 -1000000000 -1000000000 -1000000000 -1000000000 -1000000000 -1000000000 -1000000000 -1000000000 -1000000000 -1000000000 -1000000000 -1000000000 -1000000000 -1000000000 -1000000000 -1000000000 -1000000000 -1000000000 -1000000000 -1000000000 -1000000000 -1000000000 -1000000000 -1000000000 -1000000000 -1000000000 -1000000000 -1000000000 -1000000000 -1000000000 -1000000000 -1000000000 -1000000000 -1000000000 -1000000000 -1000000000 -1000000000 -1000000000 -1000000000 -1000000000 -1000000000 -1000000000 -1000000000 -1000000000 -1000000000 -1000000000 -1000000000 -1000000000 -1000000000 -1000000000 -1000000000 -1000000000 -1000000000 -1000000000 -1000000000 -1000000000 -1000000000 -1000000000 -1000000000 -1000000000 -1000000000 -1000000000 -1000000000 -1000000000 -1000000000 -1000000000 -1000000000 -1000000000 -1000000000 -1000000000 -1000000000 -1000000000
0 0 1 1 1 1 1 1 1 1 0 0 1 0 1 1 0 1 1 0 1 1 0 0 1 1 0 1 0 0 1 0 1 1 1 1 1 1 1 1 1 1 1 1 1 0 1 0 1 0 1 1 1 1 0 0 1 1 0 0 1 1 1 1 1 1 0 0 1 1 0 1 1 1 1 1 1 1 0 1 0 0 0 1 0 1 1 1 1 1 1 0 1 1 0 1 1 1 1 1 1 1 1 1 0 0 1 1 1 0 1 1 1 1 1 0 1 1 0 1 1 0 0 1 1 1 1 1 1 1 1 0 1 1 1 1 1 1 1 0 1 1 1 1 0 1 1 0 1 1 0 1 0 1 1 1 1 1 0 1 0 1 0 1 1 1 1 1 1 1 1 0 1 1 1 0 1 1 1 1 1 1 1 0 1 1 1 1 1 1 1 0 1 0 1 0 1 1 1 1
62 179 -1000000000
17 34 -1000000000
101 165 -1000000000
64 146 -1000000000
94 198 -1000000000
20 182 -1000000000
5 159 -1000000000
28 60 -1000000000
21 74 -1000000000
22 64 -1000000000
30 50 -1000000000
45 61 -1000000000
71 97 -1000000000
1 42 -1000000000
146 156 -1000000000
71 135 -1000000000
26 68 -1000000000
72 84 -1000000000
68 136 -1000000000
49 154 -1000000000
19 187 -1000000000
118 127 -1000000000
22 44 -1000000000
7 38 -1000000000
61 79 -1000000000
98 121 -1000000000
21 70 -1000000000
17 48 -1000000000
66 120 -1000000000
50 62 -1000000000
36 104 -1000000000
17 47 -1000000000
71 145 -1000000000
22 78 -1000000000
21 82 -1000000000
44 54 -1000000000
30 101 -1000000000
23 86 -1000000000
170 177 -1000000000
137 158 -1000000000
112 125 -1000000000
94 119 -1000000000
148 163 -1000000000
15 128 -1000000000
3 7 -1000000000
34 35 -1000000000
14 21 -1000000000
12 133 -1000000000
95 148 -1000000000
40 110 -1000000000
37 169 -1000000000
74 183 -1000000000
30 107 -1000000000
51 94 -1000000000
117 139 -1000000000
49 67 -1000000000
48 115 -1000000000
181 194 -1000000000
3 9 -1000000000
88 109 -1000000000
81 122 -1000000000
104 147 -1000000000
86 174 -1000000000
10 19 -1000000000
1 12 -1000000000
123 126 -1000000000
18 63 -1000000000
1 4 -1000000000
4 66 -1000000000
58 73 -1000000000
6 30 -1000000000
7 26 -1000000000
31 32 -1000000000
15 81 -1000000000
129 152 -1000000000
103 140 -1000000000
9 41 -1000000000
14 83 -1000000000
14 90 -1000000000
10 14 -1000000000
96 99 -1000000000
97 153 -1000000000
83 196 -1000000000
4 27 -1000000000
6 8 -1000000000
29 113 -1000000000
105 106 -1000000000
63 130 -1000000000
112 173 -1000000000
120 195 -1000000000
56 77 -1000000000
23 76 -1000000000
137 160 -1000000000
33 71 -1000000000
7 171 -1000000000
80 114 -1000000000
34 52 -1000000000
22 25 -1000000000
92 149 -1000000000
31 55 -1000000000
64 134 -1000000000
8 184 -1000000000
79 116 -1000000000
6 40 -1000000000
90 141 -1000000000
63 65 -1000000000
112 144 -1000000000
1 123 -1000000000
85 100 -1000000000
7 33 -1000000000
17 18 -1000000000
21 155 -1000000000
133 142 -1000000000
9 59 -1000000000
33 39 -1000000000
3 157 -1000000000
58 166 -1000000000
34 36 -1000000000
55 118 -1000000000
22 43 -1000000000
13 58 -1000000000
38 69 -1000000000
22 24 -1000000000
86 162 -1000000000
16 31 -1000000000
73 87 -1000000000
96 138 -1000000000
24 92 -1000000000
67 124 -1000000000
30 150 -1000000000
20 96 -1000000000
125 188 -1000000000
97 193 -1000000000
73 161 -1000000000
2 3 -1000000000
21 28 -1000000000
93 117 -1000000000
27 137 -1000000000
133 200 -1000000000
148 189 -1000000000
31 95 -1000000000
13 16 -1000000000
