1
200 31 151 0
-1 -2 -4 -4 -2 -2 -5 -2 -2 0 -4 -5 -5 -4 0 -1 -2 -5 -1 -2 -4 -4 -1 -2 -4 -2 -4 -3 -1 -2 -2 -5 0 -5 -3 -3 0 -5 -3 -3 -1 0 0 0 -2 -3 0 -3 -5 -5 -1 0 -5 -4 0 -5 -4 -2 -1 -5 -5 -3 -2 0 -4 -1 -3 -4 -2 -1 -4 -1 -5 -5 0 -1 -1 -1 -2 -3 -4 0 -2 -2 -5 -5 -3 -5 -1 -5 -5 -2 -3 -3 -4 -2 -2 0 -5 -2 0 -5 -2 -4 -5 -5 -2 -5 -4 0 -5 -2 -1 -1 -4 -3 -1 -3 -2 -5 -4 -5 0 -5 -5 -5 -3 -2 -2 -1 -1 -1 0 -1 -5 0 -2 -5 -3 -2 0 -1 -4 -4 0 -5 -1 -5 -2 0 -4 -5 -4 0 -1 0 -2 -4 -2 -3 -5 -2 -2 -4 -5 -4 -5 -1 0 0 -3 0 -5 -5 -4 -3 0 -3 -2 -1 -4 0 -1 -1 -5 -1 -1 -2 -1 -3 -2 -5 0 -2 -4 -2 -4 -5 -4 -2
0 0 0 1 1 1 1 0 0 0 1 1 1 0 1 1 1 0 1 1 0 1 1 0 1 1 0 1 0 0 0 0 1 1 1 1 1 1 0 1 0 0 0 0 0 1 1 0 0 0 0 1 1 0 1 1 0 0 0 1 0 0 0 0 0 0 0 0 0 1 0 0 0 0 1 1 0 1 1 1 1 0 1 1 0 1 1 0 1 1 1 1 0 0 1 1 0 0 0 0 1 0 0 1 0 1 0 1 0 1 1 1 1 0 1 1 1 1 0 0 1 0 0 0 1 0 1 1 1 0 1 1 1 1 0 0 1 1 0 0 1 0 1 1 1 1 1 1 1 1 0 1 0 1 0 0 0 0 1 0 1 0 1 0 0 0 0 1 1 1 1 0 0 1 1 1 1 0 1 0 0 0 1 0 0 1 0 1 0 1 1 0 1 0 0 0 0 0 0 0
15 18 -3
52 55 -1
19 170 -2
111 154 -2
40 42 -2
28 69 -2
68 149 -5
81 152 -4
15 102 0
35 172 -4
68 72 -5
84 129 -3
36 60 -1
38 51 -3
78 180 -3
60 190 0
13 14 0
2 65 -4
27 35 -4
15 39 -5
32 134 -1
17 127 -5
5 189 -2
60 123 -4
26 31 -2
74 77 -1
33 34 -1
2 3 -4
13 138 -1
20 114 -1
16 24 -1
