1
200 61 186 92
0 0 -1 -4 -4 -1 -3 -4 -1 0 -5 -1 -2 -4 -3 -4 -3 0 -5 -3 -1 -2 -2 -5 -2 -4 0 0 -5 -2 -5 -5 -2 -2 -4 -2 -1 -3 -5 -2 -5 0 -4 -3 -2 -4 0 -2 0 -4 -2 0 0 -5 -1 -4 -3 -5 -1 -2 -2 -1 -4 -3 -1 0 -1 0 -2 -5 -1 -5 -5 -3 -5 -2 -3 -1 -4 -4 -2 -2 -1 -4 -4 -3 -4 -1 -2 -2 -4 -5 0 -5 -1 0 -1 -5 -5 -3 0 -1 -1 -2 -2 -2 -3 -5 -1 -3 -5 -5 -2 -5 -5 -2 -3 -5 -2 -1 -2 -3 -3 -5 -3 -3 0 -4 -2 0 -5 -2 -3 -4 -5 -2 -2 -2 -1 -4 -1 -2 -1 -5 -2 -4 -4 -1 -3 -4 -3 -3 -5 -1 -1 -4 -2 -4 -5 -1 -5 0 -2 -5 -2 -5 -1 -3 -5 -3 -3 -4 -5 -3 -5 -5 -4 -1 -4 -5 -4 -3 0 -1 -3 -2 -1 -4 -4 -3 0 -3 -5 0 -3 -3 -4 -3 -2 -1
0 0 0 0 1 0 0 0 1 0 1 1 1 1 1 0 0 1 1 0 0 0 0 0 1 0 0 0 0 0 1 0 1 0 1 1 1 1 0 1 1 1 0 1 1 0 1 0 1 0 1 0 1 0 0 1 1 0 0 0 0 0 0 0 1 1 0 1 1 1 0 1 0 1 0 0 0 0 1 0 1 0 0 0 1 0 0 0 0 1 1 0 1 0 0 1 0 1 1 1 0 0 0 1 1 1 1 0 0 0 0 0 1 1 0 1 1 0 0 1 1 0 1 0 0 0 0 0 1 1 1 1 0 1 1 0 0 0 1 1 1 1 0 1 1 1 1 1 0 0 0 1 1 0 0 1 0 1 1 1 0 0 1 1 1 1 0 0 0 1 1 1 1 1 0 0 1 1 0 0 0 1 1 1 1 0 1 0 0 1 1 0 1 0 1 1 1 1 1 0
150 159 0
14 102 -1
62 63 -1
8 19 0
51 54 -5
5 53 -4
61 117 -5
114 134 -4
1 2 0
5 8 -4
66 168 -4
43 111 -5
28 48 -4
112 192 -4
27 84 -3
41 166 -5
10 14 -3
152 195 -3
2 4 -3
2 12 -5
46 69 -3
136 167 -1
64 100 -2
25 38 -2
105 158 -2
31 55 -1
91 121 -2
126 151 -1
56 96 -1
10 25 0
118 169 0
40 42 0
41 129 -1
105 148 -2
23 44 -4
2 97 -1
93 104 -3
18 161 -3
63 65 -2
185 190 -5
111 138 -3
2 3 -3
36 112 -1
18 108 -4
72 183 0
15 30 -1
15 33 0
16 141 -1
20 31 -3
52 136 -4
60 94 -2
16 18 -1
1 6 0
103 133 -5
44 87 -5
10 78 -2
38 91 -4
127 191 -5
67 162 -1
162 172 -2
74 157 -3
