1
200 52 200 100
-1 0 -3 -5 -1 -2 -4 0 -2 -3 -4 -4 -4 0 -2 -3 -1 -2 -1 -1 -3 -4 -4 -5 -3 -3 -4 0 -5 -2 0 0 -5 -1 -1 -4 -5 -2 -4 0 -3 -2 -3 0 -4 -4 -3 -2 0 -3 0 -1 -3 -1 -4 -1 -5 -2 -5 -3 -5 -1 -2 0 -4 -3 -2 -2 -2 -3 -2 -4 -5 -4 -3 -4 0 -3 0 -3 -3 -5 -5 -1 -3 -4 -4 -5 -5 -5 0 -2 -3 -4 -2 -2 0 -5 -4 -2 -1 -4 -5 -4 -5 -3 -2 -1 0 -5 -4 0 -2 -4 -1 -4 0 -1 -1 0 -3 0 -5 -2 0 -1 -5 -1 -4 -2 -1 -5 -2 -4 -1 0 -2 -3 -4 0 -2 -3 -3 -3 -5 -5 -3 -1 -1 -2 -5 -4 -5 -2 -1 -2 0 -5 0 -5 -3 -1 -3 0 0 -4 -4 -4 0 -4 -4 0 -5 0 -4 -4 0 -3 -1 -4 -4 -2 -3 0 -5 -3 -1 -1 -5 -1 -2 -4 -5 0 -4 -1 -2 -5 0 -3
1 0 1 1 0 1 1 0 1 1 1 1 0 1 0 1 0 1 1 0 1 0 0 1 0 0 1 0 0 0 1 1 1 0 1 1 0 0 1 1 0 1 0 0 1 1 1 1 1 1 0 0 0 0 1 0 0 0 0 0 1 1 0 1 0 0 0 0 0 0 0 1 1 0 1 0 0 1 1 1 0 1 1 1 0 0 0 1 0 1 0 0 1 0 1 0 1 1 0 1 1 0 0 1 0 1 0 1 0 0 1 0 1 1 0 0 0 1 0 0 1 0 0 1 0 0 0 0 1 1 0 0 1 0 0 0 1 1 1 0 1 0 1 1 0 0 0 1 0 0 0 1 1 0 1 1 0 1 1 1 1 0 0 1 1 0 1 1 0 0 0 0 1 1 0 1 0 0 0 1 1 1 1 1 1 0 0 1 0 1 1 1 1 1 0 1 1 0 0 1
71 122 -3
65 120 -5
78 184 -4
16 44 -5
9 16 -4
67 147 -2
73 119 -2
56 57 -1
4 111 -2
147 158 -1
10 39 -5
174 176 -4
9 93 -3
56 188 -3
21 75 0
78 165 -4
1 177 -5
126 133 -4
10 33 -3
95 170 -2
68 152 -5
36 88 -2
100 146 -2
26 199 -3
1 3 -3
49 159 -5
89 138 0
16 22 -4
30 42 -1
27 29 -1
23 65 -1
148 161 -3
82 129 0
26 54 0
75 115 -2
49 72 -4
124 185 -3
11 134 -2
11 35 -5
46 171 0
82 179 0
6 109 -5
78 99 0
1 6 -5
11 160 -2
18 77 -2
55 153 -2
142 156 -4
83 116 -5
9 70 -1
4 20 -4
116 117 -5
