1
200 199 150 75
-16 -5 -13 -4 -6 -8 -1 -9 -9 -13 -11 0 -6 -12 -10 -11 -16 -8 -3 -14 -8 -19 -14 -2 -4 -11 -18 -9 -11 -4 -9 -19 -13 -1 -3 -15 -10 -16 -9 -19 -20 -7 0 -12 -3 -18 -7 0 -10 -9 -6 -19 -17 -10 -14 0 -7 -2 -16 -2 -15 -5 -11 -2 -5 -14 -18 -17 -11 -18 -9 -16 -3 -19 -18 -5 0 -4 -3 -17 -20 -7 -15 -13 -2 -9 -11 -8 -6 0 -20 -6 -9 -11 -3 -3 0 -16 -7 -17 -20 -6 -11 -12 0 -7 -18 -2 -5 -9 -10 -10 -5 -5 -16 -5 -6 -10 -5 -6 -4 -11 -12 -19 -4 -14 -10 -4 -9 -17 -8 -6 -17 -2 0 0 -14 -15 -10 -11 -17 -13 -1 -15 -3 -7 -12 -3 -12 -7 -14 -20 -13 -18 -20 -20 -7 -5 -19 -9 -8 -20 -16 -2 -19 -6 0 -7 0 -1 -12 -8 -15 -5 -18 -11 -17 -12 -13 -2 -16 -16 -2 -4 -4 -13 -9 -4 -16 -8 0 -16 -17 0 -11 -16 -5 -20 -11 -14
0 1 0 0 0 0 0 0 1 1 0 1 0 0 1 1 1 1 1 1 1 0 0 1 1 1 1 1 0 0 0 0 0 1 0 1 1 0 0 1 1 1 0 0 0 1 0 1 0 1 1 1 1 1 1 0 0 0 0 0 1 1 0 0 0 0 1 1 1 0 1 1 0 0 1 0 0 1 1 0 1 1 1 0 1 0 1 1 0 0 1 0 0 1 1 1 0 0 0 1 0 1 1 0 1 0 1 0 1 1 1 0 0 1 0 1 0 1 1 1 0 1 1 0 0 1 0 0 0 1 1 1 1 0 1 1 0 0 1 0 0 0 1 0 1 1 0 1 1 0 1 0 1 1 1 0 0 0 0 0 0 1 0 0 0 0 0 0 0 1 0 1 1 1 0 0 0 0 0 1 1 1 0 1 1 0 1 0 0 1 1 0 1 1 0 1 1 0 1 0
141 172 -7
6 30 -19
58 79 -6
43 173 -9
52 56 -3
3 58 -7
19 26 -13
107 128 -10
27 75 -15
86 87 -16
50 119 -2
83 194 -14
38 48 -4
94 104 -11
180 197 -18
21 27 -16
59 145 -15
67 120 -15
8 117 -12
19 144 -2
112 195 -14
12 72 -11
45 100 -2
41 101 -5
21 57 -19
127 165 -1
45 52 -12
18 29 -5
16 62 -16
62 137 -17
113 132 -2
6 11 -14
6 23 -5
2 84 -3
38 73 -15
155 161 -13
145 187 -12
101 126 -4
69 80 -7
18 24 -6
61 110 0
10 33 -19
47 193 -5
30 38 -12
92 199 -9
25 37 -10
36 86 -9
16 85 -5
63 143 -3
10 25 -10
41 131 -11
11 14 -15
59 69 -1
153 178 -15
25 94 -20
142 162 -17
65 158 -1
35 44 -6
4 5 -9
32 81 -14
4 7 0
34 71 -14
150 182 -2
26 151 -1
30 142 -10
3 6 -20
166 167 -6
16 41 -20
97 134 -8
75 179 -14
9 53 -16
10 13 -11
117 118 -10
85 147 -1
105 196 -16
13 77 -12
15 174 -1
35 49 -4
33 200 -14
60 68 -2
13 40 -13
53 91 -7
12 51 -10
28 43 -6
23 95 -6
14 31 -18
13 50 -7
47 112 -12
1 4 -4
52 108 -9
4 8 -1
60 92 -8
185 192 -11
59 115 -2
131 171 -2
89 135 -11
155 184 -5
57 76 -10
22 66 -1
38 96 -6
67 127 -4
97 157 -4
13 34 -20
12 19 -10
19 138 -8
53 176 -7
6 20 -9
96 166 -20
35 65 -12
14 55 0
143 152 -12
1 21 -9
36 78 -18
142 160 -6
12 15 -8
93 155 -9
59 99 -2
2 97 -8
101 111 -7
1 2 -20
169 170 -10
1 139 -19
44 70 -5
51 67 -1
2 64 -2
3 60 -19
88 93 -13
7 17 -20
3 113 -3
38 136 -4
15 28 -5
9 82 -15
43 61 -12
47 122 -19
26 32 -5
63 129 -10
68 163 -15
84 164 -13
83 175 -5
4 98 -12
63 116 -9
19 186 0
172 191 -15
16 177 -18
113 156 -20
121 169 -5
22 45 0
1 10 -6
26 74 -19
10 133 0
15 42 -2
14 83 -13
17 121 -3
2 3 -20
14 36 -14
3 12 -11
15 59 -10
176 198 -12
100 180 -6
123 154 -12
88 103 -6
81 125 -15
116 183 -16
36 39 -8
96 185 -5
40 153 -1
16 63 -11
112 148 -17
23 89 -5
119 124 -2
48 114 -8
97 107 -15
86 88 -14
50 168 -5
150 159 -10
154 190 -6
65 105 -11
43 109 -7
14 18 -17
15 123 -13
106 189 -1
115 146 -1
117 149 -11
3 16 -1
20 22 -14
123 150 -3
21 90 0
34 54 -13
34 181 -9
85 102 -10
29 130 -7
8 9 -3
28 35 -17
49 140 -4
18 46 -3
94 106 -9
6 47 -11
126 188 -3
121 141 -18
