1
200 141 188 94
0 -3 0 -4 -2 -3 -4 -1 -4 -1 -4 -3 -1 0 -1 -1 -4 -4 -4 -1 -3 -2 -3 0 -2 -3 -2 -3 0 -1 -2 -5 -4 -3 0 -4 0 0 -2 -3 -1 -2 -1 0 -4 -5 -2 -4 -2 -4 -1 -1 -1 -1 -5 -5 -5 -2 -5 -1 -3 -2 0 -2 -1 -2 -4 -2 0 -1 -4 -5 -3 -4 -5 -1 -3 -1 -5 -3 0 -2 -1 0 -3 -1 -2 -3 -2 -3 -5 -3 -1 -5 -2 -2 -5 -3 -2 -2 -5 -5 -4 0 -3 -2 -4 -4 -5 -3 -4 0 -3 -4 -5 -4 -2 -3 -4 -3 -3 0 -1 0 -5 -5 0 -5 0 -1 0 -4 0 -3 -5 -1 -1 -5 0 -1 -4 -5 -5 -2 0 -2 -4 0 0 -3 -1 -5 -2 -3 -2 -3 -4 0 -4 -3 0 -4 -5 -5 -3 -4 -5 -3 -5 -2 0 -5 0 -1 0 -1 0 -5 -4 -4 0 -4 -1 0 -5 -1 -2 -3 -1 -1 -2 -3 -2 -1 -2 -5 -1 -2 -3 -4
1 0 0 0 1 1 0 0 0 0 1 0 1 1 0 1 1 1 1 1 1 0 0 0 1 0 1 1 0 1 0 0 0 1 1 1 1 0 1 0 1 1 0 1 1 1 1 1 0 0 1 0 0 0 0 1 1 0 0 1 0 0 1 0 0 1 1 1 1 1 1 0 1 1 1 0 0 1 1 0 1 0 0 0 1 1 0 0 1 1 0 1 1 0 1 0 0 0 0 0 1 1 0 0 1 0 1 1 1 1 0 1 1 1 0 0 1 0 1 0 1 0 0 1 0 0 0 0 1 0 0 0 0 0 1 0 1 1 1 0 0 0 1 1 0 0 0 1 0 0 0 0 0 1 1 0 0 0 1 0 0 1 1 0 0 0 0 0 1 1 0 1 1 0 1 1 0 0 0 1 1 0 1 0 1 0 0 1 1 0 0 0 0 1 0 1 0 1 0 0
141 149 -1
163 192 -3
62 69 -4
5 19 -2
6 10 -5
15 131 -4
39 53 -3
69 183 -4
26 51 -5
50 118 -1
21 195 0
68 143 -4
26 140 -1
74 95 -2
35 105 -2
46 141 -2
63 181 -4
67 104 -1
13 14 -5
93 122 -4
17 34 0
22 60 -5
10 28 0
20 23 -5
3 87 -5
30 165 -3
60 151 -3
76 156 -1
55 90 -5
1 20 -3
22 97 -3
47 64 0
1 169 -4
5 115 -5
7 22 -4
81 161 0
37 40 -1
116 179 -1
111 142 -3
37 39 0
22 47 0
92 186 -4
38 43 -4
42 54 0
13 21 -4
98 121 -5
60 168 0
26 45 0
56 58 -4
140 166 -2
5 11 -2
124 185 -3
66 199 -1
75 198 -2
131 180 0
19 110 0
59 127 -4
32 106 -1
109 191 -1
7 26 -3
112 190 -5
17 48 -5
40 171 -2
19 132 0
38 42 -1
27 52 -4
16 33 -5
45 124 -1
42 49 -3
32 92 0
18 41 -2
97 145 -4
75 80 -2
22 148 0
37 128 0
5 8 -4
48 79 -3
82 89 -3
60 91 -2
135 150 -3
97 112 0
61 133 0
151 188 -3
2 7 -3
16 73 -1
71 108 -2
68 88 -3
104 135 -2
11 38 0
50 178 0
20 36 -5
5 78 -1
107 175 0
14 111 -2
32 77 -1
89 103 -4
119 174 -5
87 107 -4
45 96 -5
44 70 -2
58 81 0
1 144 -2
88 117 -1
25 29 -2
28 31 0
5 173 -5
5 120 -3
64 94 -5
89 184 -3
79 113 -5
2 4 -1
77 153 -4
31 138 -4
125 162 -1
17 72 -5
70 109 0
104 187 -3
33 85 -1
155 158 -4
66 200 -2
48 159 -3
3 9 0
104 157 -3
75 100 -5
19 35 -4
42 114 -3
132 139 -3
18 32 -2
10 12 -1
1 3 -2
51 67 -3
91 119 0
30 61 -3
108 170 -3
76 147 -3
24 59 -1
120 136 -4
3 15 -2
131 146 -4
24 125 0
7 63 -3
