1
200 29 146 44
-3 -1 0 -4 -1 -3 0 -5 -5 -5 -5 0 0 0 -3 -1 -1 -1 -2 -5 -2 -4 0 -2 -4 0 -1 -3 -4 -4 -1 -4 -5 -2 -3 -5 -4 -1 -4 0 -3 -1 -2 -1 -1 -4 -4 -4 -2 -3 -3 0 -2 -5 -1 -5 0 -4 -3 -3 0 -5 -1 -1 -4 -4 -3 -1 0 -1 -3 -2 -1 -1 0 -4 -1 -3 -4 -4 0 0 -4 -4 -1 -4 -3 -5 -4 -4 -3 -4 -3 -5 -2 -1 0 -3 -5 -2 0 0 -5 0 -4 -1 -3 -5 0 -5 0 0 -5 -4 0 -5 -2 -1 -1 0 -4 -4 -3 -1 -3 -2 -3 -3 -2 -5 -5 -1 -5 0 -2 -1 -4 -4 -4 -2 0 -2 -3 0 0 -3 -1 -1 -2 -3 0 0 -2 -3 -2 -1 -3 -3 0 -5 0 -4 -1 -4 -5 -1 0 -5 -2 0 -1 -4 -3 -2 -1 -4 -4 -1 -4 0 0 -4 -1 -2 -4 -2 -1 -3 -5 -2 -2 0 -4 -1 -1 -2 -4 -4 -3 0
1 1 0 1 0 1 1 0 1 0 0 1 1 0 1 1 1 1 1 1 1 1 1 0 0 0 1 0 1 1 1 0 1 1 1 1 1 1 1 1 1 1 1 1 1 1 0 1 1 1 1 1 1 1 1 1 1 1 1 1 1 1 1 1 1 1 1 1 1 1 1 1 0 1 1 0 1 0 1 1 1 1 0 1 1 1 0 1 0 1 1 1 1 1 1 1 1 1 1 0 1 1 1 1 1 1 1 0 1 1 1 0 0 0 0 0 1 0 0 1 1 1 1 1 0 1 1 0 1 1 1 1 1 1 1 0 0 0 0 1 1 1 1 1 1 1 1 1 0 1 1 1 0 0 1 0 1 1 1 1 1 1 1 1 1 1 1 0 1 0 1 1 0 1 1 1 1 1 1 1 0 1 1 1 1 1 1 1 1 1 0 1 0 1 1 1 1 0 1 1
67 68 -1
112 117 -3
14 173 -2
7 113 -3
14 50 -2
16 22 -3
68 70 -5
42 104 -4
1 3 -2
9 19 -3
3 98 -1
47 59 -2
52 63 -1
50 75 -2
125 130 -2
46 134 -4
12 14 -5
28 53 -3
56 87 -4
166 172 -5
76 101 -1
35 43 -3
33 52 -2
61 190 0
119 161 -5
14 191 -1
51 126 -5
32 187 -1
7 24 -3
