1
200 192 154 77
-1000000000 -1000000000 -1000000000 -1000000000 -1000000000 -1000000000 -1000000000 -1000000000 -1000000000 -1000000000 -1000000000 -1000000000 -1000000000 -1000000000 -1000000000 -1000000000 -1000000000 -1000000000 -1000000000 -1000000000 -1000000000 -1000000000 -1000000000 -1000000000 -1000000000 -1000000000 -1000000000 -1000000000 -1000000000 -1000000000 -1000000000 -1000000000 -1000000000 -1000000000 -1000000000 -1000000000 -1000000000 -1000000000 -1000000000 -1000000000 -1000000000 -1000000000 -1000000000 -1000000000 -1000000000 -1000000000 -1000000000 -1000000000 -1000000000 -1000000000 -1000000000 -1000000000 -1000000000 -1000000000 -1000000000 -1000000000 -1000000000 -1000000000 -1000000000 -1000000000 -1000000000 -1000000000 -1000000000 -1000000000 -1000000000 -1000000000 -1000000000 -1000000000 -1000000000 -1000000000 -1000000000 -1000000000 -1000000000 -1000000000 -1000000000 -1000000000 -1000000000 -1000000000 -1000000000 -1000000000 -1000000000 -1000000000 -1000000000 -1000000000 -1000000000 -1000000000 -1000000000 -1000000000 -1000000000 -1000000000 -1000000000 -1000000000 -1000000000 -1000000000 -1000000000 -1000000000 -1000000000 -1000000000 -1000000000 -1000000000 -1000000000 -1000000000 -1000000000 -1000000000 -1000000000 -1000000000 -1000000000 -1000000000 -1000000000 -1000000000 -1000000000 -1000000000 -1000000000 -1000000000 -1000000000 -1000000000 -1000000000 -1000000000 -1000000000 -1000000000 -1000000000 -1000000000 -1000000000 -1000000000 -1000000000 -1000000000 -1000000000 -1000000000 -1000000000 -1000000000 -1000000000 -1000000000 -1000000000 -1000000000 -1000000000 -1000000000 -1000000000 -1000000000 -1000000000 -1000000000 -1000000000 -1000000000 -1000000000 -1000000000 -1000000000 -1000000000 -1000000000 -1000000000 -1000000000 -1000000000 -1000000000 -1000000000 -1000000000 -1000000000 -1000000000 -1000000000 -1000000000 -1000000000 -1000000000 -1000000000 -1000000000 -1000000000 -1000000000 -1000000000 -1000000000 -1000000000 -1000000000 -1000000000 -1000000000 -1000000000 -1000000000 -1000000000 -1000000000 -1000000000 -1000000000 -1000000000 -1000000000 -1000000000 -1000000000 -1000000000 -1000000000 -1000000000 -1000000000 -1000000000 -1000000000 -1000000000 -1000000000 -1000000000 -1000000000 -1000000000 -1000000000 -1000000000 -1000000000 -1000000000 -1000000000 -1000000000 -1000000000 -1000000000 -1000000000 -1000000000
1 1 0 1 0 1 1 1 0 1 1 0 1 1 0 0 0 1 0 0 0 0 1 0 0 0 1 0 0 1 0 1 1 1 0 1 1 0 1 0 1 1 1 1 1 1 0 0 1 0 1 1 0 0 0 0 0 0 0 0 1 0 1 0 0 1 0 1 1 1 0 1 1 0 0 0 0 1 0 1 0 0 1 1 0 1 1 0 0 1 0 0 1 1 1 0 0 0 0 0 1 1 1 1 1 0 0 0 0 0 1 0 0 1 1 1 0 0 0 0 0 1 1 0 0 1 0 0 0 1 1 0 0 1 0 0 0 1 1 0 1 1 1 1 0 1 1 1 0 0 1 0 1 0 1 1 0 1 1 0 1 0 1 1 0 1 1 1 0 1 1 1 1 1 1 0 0 1 1 0 0 1 1 1 0 0 1 0 0 0 1 0 0 0 1 1 1 0 0 1
5 22 -1000000000
25 32 -1000000000
43 146 -1000000000
143 179 -1000000000
5 11 -1000000000
38 108 -1000000000
26 131 -1000000000
22 155 -1000000000
14 42 -1000000000
4 70 -1000000000
134 193 -1000000000
9 165 -1000000000
37 161 -1000000000
39 53 -1000000000
22 192 -1000000000
35 38 -1000000000
79 191 -1000000000
12 28 -1000000000
44 138 -1000000000
53 105 -1000000000
53 64 -1000000000
55 150 -1000000000
5 77 -1000000000
42 122 -1000000000
57 61 -1000000000
12 18 -1000000000
58 71 -1000000000
58 183 -1000000000
62 112 -1000000000
78 197 -1000000000
76 147 -1000000000
6 39 -1000000000
53 142 -1000000000
3 6 -1000000000
104 198 -1000000000
5 97 -1000000000
30 59 -1000000000
22 24 -1000000000
21 36 -1000000000
4 10 -1000000000
19 27 -1000000000
1 2 -1000000000
66 80 -1000000000
2 84 -1000000000
57 114 -1000000000
145 153 -1000000000
29 174 -1000000000
33 113 -1000000000
15 169 -1000000000
7 31 -1000000000
102 125 -1000000000
46 49 -1000000000
103 128 -1000000000
28 29 -1000000000
130 177 -1000000000
19 20 -1000000000
5 9 -1000000000
18 190 -1000000000
11 45 -1000000000
8 13 -1000000000
12 126 -1000000000
64 137 -1000000000
13 121 -1000000000
7 154 -1000000000
47 175 -1000000000
1 21 -1000000000
88 106 -1000000000
52 56 -1000000000
102 160 -1000000000
51 107 -1000000000
102 116 -1000000000
15 48 -1000000000
7 8 -1000000000
42 100 -1000000000
67 120 -1000000000
30 96 -1000000000
4 44 -1000000000
68 186 -1000000000
40 133 -1000000000
18 26 -1000000000
108 118 -1000000000
167 185 -1000000000
44 102 -1000000000
51 60 -1000000000
4 5 -1000000000
45 55 -1000000000
51 89 -1000000000
10 143 -1000000000
12 69 -1000000000
11 139 -1000000000
40 104 -1000000000
15 67 -1000000000
42 65 -1000000000
25 111 -1000000000
23 86 -1000000000
22 72 -1000000000
28 110 -1000000000
63 87 -1000000000
3 51 -1000000000
41 73 -1000000000
9 37 -1000000000
35 81 -1000000000
45 171 -1000000000
12 43 -1000000000
18 130 -1000000000
113 119 -1000000000
23 166 -1000000000
82 101 -1000000000
117 170 -1000000000
28 34 -1000000000
33 85 -1000000000
119 176 -1000000000
78 178 -1000000000
38 91 -1000000000
98 158 -1000000000
2 3 -1000000000
33 41 -1000000000
81 83 -1000000000
2 103 -1000000000
16 75 -1000000000
55 168 -1000000000
130 144 -1000000000
9 14 -1000000000
28 92 -1000000000
152 196 -1000000000
101 123 -1000000000
29 63 -1000000000
13 19 -1000000000
6 35 -1000000000
61 98 -1000000000
85 148 -1000000000
30 127 -1000000000
96 184 -1000000000
124 149 -1000000000
122 200 -1000000000
83 157 -1000000000
25 99 -1000000000
18 47 -1000000000
10 12 -1000000000
89 141 -1000000000
4 58 -1000000000
32 46 -1000000000
5 7 -1000000000
72 180 -1000000000
21 76 -1000000000
124 151 -1000000000
83 117 -1000000000
10 82 -1000000000
60 109 -1000000000
45 173 -1000000000
27 134 -1000000000
1 4 -1000000000
20 167 -1000000000
28 50 -1000000000
87 93 -1000000000
8 30 -1000000000
70 132 -1000000000
2 23 -1000000000
113 182 -1000000000
52 156 -1000000000
27 124 -1000000000
52 79 -1000000000
32 88 -1000000000
42 145 -1000000000
6 16 -1000000000
24 52 -1000000000
169 181 -1000000000
6 74 -1000000000
15 17 -1000000000
75 187 -1000000000
8 15 -1000000000
4 94 -1000000000
61 78 -1000000000
79 136 -1000000000
21 62 -1000000000
106 188 -1000000000
20 33 -1000000000
124 129 -1000000000
43 163 -1000000000
129 199 -1000000000
43 66 -1000000000
5 57 -1000000000
10 90 -1000000000
167 172 -1000000000
41 140 -1000000000
60 159 -1000000000
57 152 -1000000000
169 194 -1000000000
38 115 -1000000000
186 189 -1000000000
32 54 -1000000000
52 95 -1000000000
