1
200 186 195 97
-544118847 -98519057 -541815723 -43851587 -102591072 -300798757 -140174042 -522396501 -833578278 -333073521 -160672730 -994073029 -248962336 -883999485 -127614170 -857868683 -179587303 -6530889 -91445223 -563249186 -575660090 -874630352 -860689882 -920958553 -992022284 -959862700 -164556160 -997796735 -221352692 -554506338 -740326154 -498908532 -767285388 -551801796 -748412793 -540689345 -99365089 -530421692 -378586609 -551339526 -130896852 -468543848 -152060105 -184293343 -13428267 -5947738 -147694711 -668727251 -795225282 -59079935 -343159178 -692251415 -187743203 -503731428 -249795346 -218479217 -439920963 -906757426 -960000211 -90400912 -903668503 -131269587 -610380917 -99543146 -81535872 -74928396 -199643646 -906318473 -835244816 -708411360 -214909104 -264123699 -352095968 -455855245 -640821764 -631293075 -450503789 -497590903 -621980321 -1929309 -736070301 -770195216 -395209308 -784928836 -672790431 -245397309 -734516065 -619202334 -536883506 -69205969 -223289032 -483988690 -900563742 -526515250 -197388812 -513541098 -889845610 -799075066 -729843910 -744260697 -543516056 -935062281 -432130611 -201009896 -614984480 -135793653 -168948705 -919406933 -490784200 -500931208 -41736694 -625357767 -700754088 -892089431 -848024173 -213021552 -339731029 -670168071 -893030141 -445353985 -319331817 -781017794 -298414326 -55460753 -881076857 -231315476 -75852255 -628909660 -483237378 -395704176 -518984560 -958665152 -37870118 -929156491 -247554506 -574066775 -964162148 -241137571 -910628168 -575149080 -254440356 -357726774 -542433097 -630469561 -477742222 -788443501 -565441876 -650322342 -757379394 -255215096 -968915381 -971969218 -74996130 -981308810 -525190844 -673040304 -129276490 -352230687 -174364572 -596730590 -75112885 -827031287 -303667704 -376960009 -782461388 -194480223 -552586299 -829290296 -150885071 -68987896 -621675836 -323765845 -485536055 -417654316 -867835391 -290509979 -525213357 -17847557 -141316145 -439729715 -265570614 -517787335 -741167177 -83611305 -713044322 -219052260 -61164757 -873017391 -256727293 -450357542 -644578602 -379839358 -733896270 -263939153 -352523099 -541714973 -649648897 -740665146 -231064142 -187869969
0 1 1 0 0 1 0 0 0 1 1 0 0 1 1 0 0 1 0 1 0 1 0 0 1 0 0 0 1 1 1 0 0 0 1 1 0 0 1 1 1 0 1 1 1 0 0 1 1 1 1 1 1 0 0 0 1 1 1 0 1 0 1 1 1 0 0 1 0 0 1 0 1 0 1 1 1 0 1 0 0 1 1 1 0 0 0 1 1 1 1 0 1 1 1 0 0 0 0 0 1 1 0 1 1 1 1 0 1 0 1 0 1 0 0 1 1 0 0 0 1 0 1 1 1 0 1 0 1 0 1 1 1 1 0 0 1 0 1 0 1 0 1 0 0 0 0 0 0 0 1 0 0 1 1 1 0 1 0 1 0 1 0 0 1 0 1 0 1 0 0 0 1 0 0 1 0 1 0 0 0 0 1 0 0 1 0 0 1 1 1 1 0 0 1 1 0 0 1 1
5 130 0
21 121 0
6 144 0
75 83 0
45 57 0
124 126 0
51 66 0
131 151 0
21 158 0
25 27 0
96 162 0
54 147 0
24 106 0
88 91 0
27 122 0
30 118 0
124 168 0
5 102 0
95 199 0
109 196 0
69 169 0
21 92 0
53 104 0
88 198 0
6 61 0
3 59 0
11 28 0
65 107 0
108 114 0
4 5 0
25 34 0
41 86 0
70 177 0
3 33 0
14 49 0
56 75 0
46 50 0
28 70 0
3 11 0
136 156 0
5 18 0
92 183 0
11 45 0
10 21 0
29 77 0
12 51 0
3 150 0
123 164 0
105 149 0
50 89 0
28 129 0
13 22 0
1 7 0
1 9 0
25 105 0
127 145 0
17 99 0
2 4 0
94 103 0
10 181 0
77 185 0
8 44 0
60 125 0
138 182 0
97 113 0
15 98 0
10 35 0
8 110 0
19 90 0
28 82 0
14 63 0
8 17 0
4 188 0
4 146 0
17 80 0
33 60 0
7 39 0
21 109 0
11 14 0
10 192 0
9 12 0
53 131 0
107 138 0
106 141 0
43 76 0
121 194 0
20 29 0
2 20 0
100 123 0
62 65 0
37 88 0
1 42 0
5 30 0
22 96 0
61 69 0
11 25 0
75 166 0
55 132 0
1 10 0
52 84 0
34 73 0
96 167 0
74 85 0
29 154 0
11 174 0
38 137 0
50 119 0
36 79 0
162 172 0
141 180 0
124 190 0
5 68 0
9 55 0
40 58 0
36 176 0
71 97 0
84 148 0
107 170 0
58 159 0
17 67 0
100 153 0
6 72 0
14 48 0
48 108 0
57 178 0
146 184 0
8 24 0
18 124 0
18 52 0
22 46 0
131 135 0
3 78 0
19 43 0
98 187 0
117 165 0
4 36 0
29 54 0
54 62 0
45 93 0
12 53 0
14 23 0
96 139 0
6 8 0
59 87 0
23 117 0
85 140 0
1 171 0
63 116 0
3 6 0
26 32 0
142 191 0
23 134 0
62 143 0
54 112 0
155 193 0
11 136 0
135 197 0
1 100 0
1 3 0
87 127 0
102 179 0
14 155 0
54 95 0
10 15 0
6 13 0
38 152 0
19 81 0
12 56 0
37 40 0
32 186 0
1 2 0
9 16 0
33 47 0
47 71 0
85 111 0
143 163 0
36 41 0
128 133 0
1 173 0
24 37 0
79 120 0
114 195 0
32 38 0
148 157 0
23 31 0
181 189 0
