1
200 190 164 82
-433713056 -208672716 -682078392 -648687910 -554173769 -392960737 -520740536 -388221907 -228704943 -635604612 -799151900 -704681726 -129129082 -209042836 -752050818 -910289947 -502952884 -211816609 -230466403 -680285969 -671739887 -592301569 -399278579 -846164561 -401274195 -41410965 -293354944 -225780993 -643048402 -305791736 -680493662 -387286062 -491636620 -828377254 -146407765 -56624355 -644241937 -752765992 -452398094 -83084585 -127497912 -658017172 -525028101 -876970340 -868842620 -934100101 -872415638 -932615504 -919165186 -598062737 -151576457 -942713680 -496365597 -491579658 -384632980 -874958225 -526367264 -784585045 -877052297 -321460705 -353294040 -149426967 -640013820 -82654454 -527970082 -763060919 -778671548 -96511022 -528776897 -866219684 -957340545 -997229471 -450891827 -175355601 -758194022 -170487464 -773485907 -83137738 -868961390 -820032866 -470959193 -404699575 -620410630 -118255102 -213284717 -22537387 -543607451 -540691486 -760758713 -442077680 -644878585 -657211285 -414092990 -831496486 -310428080 -210263587 -923757527 -997382661 -681592629 -956750223 -857293489 -769602124 -314740785 -338872259 -107891401 -8382421 -473050322 -321830666 -666324134 -30342445 -525471386 -382823598 -506114159 -402973806 -224512608 -275870254 -643359880 -983493342 -332621980 -275571419 -473123550 -930547773 -336950099 -242223057 -104427331 -626442417 -729265523 -700405818 -855786106 -235886889 -325256716 -94462853 -224152534 -674016664 -876218131 -336895612 -922372020 -522810479 -379096051 -107888647 -368977105 -990901536 -664222187 -38559893 -154235387 -644179053 -666080127 -893412130 -867566106 -243513735 -171191648 -862231150 -409466637 -656002711 -248522661 -343173692 -98547841 -920515214 -840557722 -733952683 -178399481 -587507806 -419375693 -598961019 -413483107 -164788127 -383062864 -847727166 -134445111 -478527804 -116057368 -912099271 -285707178 -435213077 -851659885 -305438864 -905126506 -637626458 -656956259 -109946835 -177228314 -558762316 -926826595 -95428626 -795784609 -811149481 -272622968 -283136542 -348061069 -57150108 -528640437 -842591555 -848725634 -781166739 -14824235 -770557465 -979828007 -527038782 -544353662 -393759410
1 1 1 1 0 1 0 0 1 1 1 1 1 1 1 0 0 1 1 1 0 0 1 0 1 1 0 0 0 0 1 0 0 1 0 0 0 0 0 1 1 0 1 0 1 1 1 0 1 0 1 0 1 0 0 0 0 1 1 0 0 0 0 1 1 0 0 1 1 1 1 0 0 1 1 0 1 1 1 0 1 1 1 0 0 1 1 1 0 1 0 1 1 1 1 0 1 1 1 0 1 0 0 0 1 1 0 1 1 1 1 0 0 0 0 0 0 1 0 0 0 1 0 1 0 1 0 0 1 0 0 0 1 0 1 0 1 1 0 0 0 1 0 0 0 1 0 0 1 1 1 1 0 1 1 0 0 1 0 0 0 0 0 0 1 1 1 1 0 1 1 0 1 1 1 0 0 0 0 0 1 0 1 1 0 1 1 1 1 0 1 0 0 0 0 1 0 1 0 0
25 41 -957094817
1 32 -747831748
150 187 -772798445
84 134 -828861000
133 143 -501320533
53 59 -720120766
44 63 -911906446
9 126 -808534737
10 43 -764179857
25 100 -123041258
111 150 -182339291
70 93 -845836257
61 184 -791473950
38 131 -421905452
60 102 -698551725
77 178 -807166978
81 156 -954454879
93 105 -927057207
120 145 -995495710
34 182 -502033844
39 47 -617738445
8 9 -489985869
13 96 -497348309
17 113 -160732762
49 110 -488638247
195 200 -158646288
57 84 -322449908
6 162 -861529916
54 129 -231247345
1 4 -891496726
7 111 -357875334
32 64 -221845880
9 66 -197813169
2 193 -483776581
36 42 -855088003
24 144 -576249599
32 71 -905060497
12 17 -481927007
110 158 -37381090
20 24 -821129467
68 85 -235555447
118 137 -182548853
89 199 -572673926
4 30 -331257674
9 130 -926095313
10 39 -353933560
10 90 -825196704
43 50 -864070358
77 87 -91829247
24 70 -796360873
54 165 -448304047
29 45 -367149372
1 19 -125970818
74 139 -213269957
5 10 -567251806
28 81 -206080150
43 79 -26345200
143 166 -467526681
8 77 -855332086
6 8 -800500149
32 128 -549062306
28 37 -822782215
96 154 -496995545
5 120 -996549112
155 173 -781162566
77 101 -786164198
89 197 -344534859
12 21 -988011059
15 123 -882002921
18 33 -276072091
60 136 -735134079
44 53 -588952374
149 160 -951142587
23 61 -34772083
7 20 -753142265
43 191 -736960064
3 67 -491399745
49 146 -913173606
146 176 -850477321
15 16 -296917875
7 31 -460696528
63 119 -121550221
165 186 -37356703
33 121 -160904672
71 108 -960656172
12 57 -211213837
8 98 -311474817
51 75 -826560949
42 125 -78137220
25 65 -948007787
53 170 -619255724
144 152 -986059189
6 183 -451283659
42 60 -550974623
5 52 -144718394
4 190 -745906103
140 148 -139301683
13 192 -658054649
5 44 -352109383
55 56 -788553444
24 80 -310279474
112 127 -50749031
4 18 -980267225
1 3 -808567054
11 12 -348328091
38 49 -659660481
25 27 -327637952
23 34 -860740463
42 51 -814079796
78 168 -549934157
3 11 -192745904
87 163 -390270440
14 28 -568603607
92 109 -567038172
16 78 -722472219
4 5 -102410885
9 13 -93392293
105 185 -639023797
6 54 -287447867
49 104 -551886911
98 196 -112811704
52 157 -123666661
102 175 -422216691
64 135 -222011222
76 195 -413902588
21 35 -290343920
90 179 -806627115
33 147 -425334409
30 103 -800000472
19 62 -905850135
138 167 -144733795
20 69 -115416038
138 140 -836202887
11 23 -135205551
19 99 -882155293
64 138 -978583378
137 172 -22811271
34 38 -409179902
74 177 -711629964
62 189 -668719778
62 114 -440865955
53 107 -485074132
20 151 -427570056
51 82 -217993316
54 91 -642564061
1 86 -630561339
29 141 -41586626
11 29 -559958373
93 122 -105499616
8 22 -10219045
14 72 -791334638
2 94 -225441653
5 73 -926942239
20 36 -979388485
2 46 -806908488
39 116 -721456394
15 25 -53902564
1 2 -544287051
159 174 -826908078
124 161 -867165898
119 181 -844563962
12 115 -408241716
8 89 -371173306
150 171 -524066897
68 194 -545283562
7 15 -662507494
8 48 -953780106
82 198 -179203426
2 7 -805965633
66 188 -326729411
54 106 -158382236
1 6 -867978509
55 92 -75022953
11 159 -967587700
57 117 -907988559
38 142 -894109393
53 97 -606870140
11 40 -25436956
23 118 -439949470
31 68 -431406503
16 26 -813478588
105 133 -848393418
12 153 -449538485
14 169 -754632246
68 76 -783427408
100 112 -480697607
23 95 -809367137
108 132 -694705989
9 14 -570296987
114 180 -487097576
