1
200 164 175 0
-14 -4 -8 -14 -8 -19 -10 -16 -13 -8 -5 -8 -19 -20 -12 -12 -14 -9 -15 -4 -9 -19 -15 -1 -15 -11 -9 -16 -17 -5 -17 -1 -3 -13 -2 -4 -1 -2 -11 -5 -16 -18 -2 -15 -19 -2 -10 -13 -5 -13 -18 -13 -10 -7 -2 -9 -10 -11 -4 -9 -20 -4 -8 -10 -14 -11 -1 -10 -20 -20 -4 -13 -14 -9 -2 -7 0 -11 -13 -8 -5 -15 -1 -2 -7 -5 -12 -14 -13 -12 -11 -4 -6 -15 -11 -10 -19 -9 -13 -17 -7 -14 -16 -4 -13 -1 -8 -20 -2 -10 -17 -7 -5 -2 -16 -8 -3 -5 -1 -16 -20 -19 -9 -5 -11 -11 -1 -15 -4 -18 -15 -18 -19 -13 -20 0 -10 -7 -1 -7 -4 -20 -2 -1 -7 -14 -13 -16 -2 -9 -12 -2 -15 -11 -15 -13 -12 -18 -5 0 -11 -6 -15 -7 -17 -18 -10 -11 -2 -2 -18 -6 -1 -14 -2 -10 -16 -3 -17 -3 -16 -6 -4 -4 -14 -11 -20 0 -20 -12 -15 -18 -17 -9 -1 -13 -18 -14 -3 -13
1 1 1 1 1 1 1 1 1 1 1 1 1 1 1 1 1 1 1 1 1 1 1 1 1 1 1 1 1 1 1 1 1 1 1 1 1 1 1 1 1 1 1 1 1 1 1 1 1 1 1 1 1 1 1 1 1 1 1 1 1 1 1 1 1 1 1 1 1 1 1 1 1 1 1 1 1 1 1 1 1 1 1 1 1 1 1 1 1 1 1 1 1 1 1 1 1 1 1 1 1 1 1 1 1 1 1 1 1 1 1 1 1 1 1 1 1 1 1 1 1 1 1 1 1 1 1 1 1 1 1 1 1 1 1 1 1 1 1 1 1 1 1 1 1 1 1 1 1 1 1 1 1 1 1 1 1 1 1 1 1 1 1 1 1 1 1 1 1 1 1 1 1 1 1 1 1 1 1 1 1 1 1 1 1 1 1 1 1 1 1 1 1 1 1 1 1 1 1 1
79 102 -4
47 121 -13
3 168 -5
13 106 -4
150 169 -10
57 66 -5
7 95 -9
10 17 -11
82 100 -16
117 133 -6
8 85 -20
11 55 -19
65 146 -9
74 82 -12
28 180 -16
120 177 -13
10 47 -1
17 38 -16
20 37 -18
53 65 -2
81 187 -11
12 15 -16
53 125 -12
19 20 -11
108 174 -9
14 75 -1
97 163 -5
24 31 -12
53 54 -14
37 59 -13
24 118 -3
25 27 -14
146 183 -8
82 104 -6
45 63 -9
76 83 -9
32 90 -4
20 139 -15
42 58 -9
1 2 -9
8 13 -14
135 150 -14
6 44 -9
28 73 -8
59 129 -5
19 52 -10
61 173 -5
10 19 -9
20 42 -19
14 103 -15
40 107 -19
2 3 -3
14 91 -5
34 130 -13
110 112 -14
59 88 -5
101 108 -3
87 109 -11
40 77 -6
108 196 -1
11 43 -19
167 199 0
123 186 -1
43 92 0
38 101 -12
43 144 -19
46 70 0
6 30 -15
18 64 -6
24 61 -2
2 60 -14
36 132 -12
22 62 -1
40 87 -5
22 24 -12
130 151 -14
9 12 -4
33 114 -1
87 148 -7
145 147 -13
135 194 -2
143 198 -15
24 98 -8
94 115 -16
23 158 -20
6 164 -2
3 21 -16
45 182 -9
65 120 -4
7 89 -19
88 200 -16
47 74 -12
8 41 -11
9 10 -9
106 136 -1
101 176 -5
69 111 -11
80 179 -6
1 6 -4
7 76 -10
27 156 -2
89 113 -10
98 131 -12
21 26 -10
76 119 -20
66 80 0
21 149 -4
2 16 -7
46 78 -8
57 191 -14
67 68 -2
22 34 0
124 159 -6
5 9 -11
62 67 -7
9 35 -6
58 84 -20
27 45 -3
3 8 -3
9 123 -3
5 18 -2
15 135 -12
133 172 -19
13 28 -10
13 29 -12
10 40 -11
68 162 -15
44 152 -10
94 128 0
5 7 -1
31 53 -14
84 167 -1
21 50 -7
19 86 -13
35 56 -5
37 39 0
13 23 -17
13 145 -8
102 141 -8
66 160 -3
138 153 -8
4 5 -14
50 134 -18
5 11 -8
7 81 -16
3 110 -5
30 175 -6
2 178 -2
91 190 -1
76 161 -6
27 122 -7
35 155 -16
95 157 -15
61 72 -13
15 105 -5
22 79 -10
32 49 -19
71 138 -20
107 137 -15
7 22 -14
127 154 -10
140 143 -13
22 33 -6
163 197 -9
