1
200 23 132 63
-3 0 -4 -2 -2 -3 0 -2 -1 -3 -3 -5 -5 -2 -1 0 -3 -2 -5 -2 -2 0 -2 -4 0 -5 -1 -1 -5 -1 -3 -4 -3 0 0 -4 -3 -5 -4 -2 0 -2 -2 -3 0 -2 -3 -4 0 -5 -1 -1 -2 -4 -4 -4 0 -4 -1 -3 -2 -4 -1 -4 -3 -5 -3 -3 -2 -1 -1 -2 -2 0 -1 0 -2 -4 0 -4 0 -1 -5 -4 0 -5 -2 -5 -1 -4 -1 -2 -3 -3 -3 -4 -1 -3 -4 -2 -2 -1 -1 -1 -4 -5 0 -3 -3 -3 -2 -1 -1 -4 -2 -3 -4 -2 -3 0 -3 -3 -5 -1 0 -1 -4 -2 -1 -4 -4 -2 -5 -5 -4 -2 -1 -1 -2 -3 -2 -1 -2 -5 -3 0 -1 -2 -1 -2 -3 -4 -5 -4 -1 -2 -4 -3 -5 -2 -1 -1 -5 -5 -2 -4 -5 -4 -1 -1 0 -5 -3 -5 -1 -5 0 -2 -1 -3 -2 -4 0 -1 -4 0 -3 -4 -5 0 -5 -4 -1 -4 -3 -1 0 -1 -1 -4
1 1 1 0 0 0 1 1 0 1 1 1 1 1 1 1 0 1 0 0 1 0 0 1 0 1 1 1 0 1 0 0 1 0 1 1 1 0 1 1 1 1 1 1 0 0 0 1 0 1 1 0 0 1 1 1 1 0 0 0 1 1 0 0 0 1 0 0 1 0 1 1 1 0 1 1 1 1 1 0 1 0 1 1 1 1 0 1 0 0 1 0 0 0 1 1 1 1 1 1 1 1 1 1 1 0 1 1 1 1 1 1 1 1 0 1 0 1 1 1 1 1 0 1 0 1 1 0 0 0 1 1 1 1 1 1 1 1 0 1 1 1 1 1 1 1 1 0 0 1 1 1 0 1 0 0 0 0 1 0 1 1 1 1 1 1 1 1 1 1 1 1 1 1 1 1 0 1 0 1 1 1 0 1 1 1 1 1 1 0 1 0 1 1 1 1 1 0 0 1
104 108 -5
9 15 -3
1 17 -3
21 139 0
37 71 -2
164 169 -1
98 117 -2
3 4 -5
54 126 -3
1 2 -2
115 183 -5
104 156 -4
86 161 -4
4 5 -1
141 174 -2
65 98 -3
30 180 -3
12 30 -5
103 164 -4
34 80 -3
42 60 -2
19 67 -5
129 162 -2
