1
200 186 105 52
-20 -13 -3 0 -2 -17 -2 -9 -8 -14 -8 -1 -10 -3 -19 0 -10 -16 -11 -1 -15 -11 -10 -15 -16 -1 -20 0 -7 -14 -5 -1 -12 -14 -15 -6 -5 -11 -15 -14 -12 -20 -6 -18 -4 -6 -7 -11 -7 -1 -4 -14 -15 0 -12 -14 -14 -19 -15 -9 -16 -7 -13 -4 -6 -2 -15 -1 -11 -13 -13 -19 -3 -10 -11 -1 -18 -15 -3 -3 -5 -7 -12 -17 0 -17 -2 -20 -10 -6 -3 -14 -3 -17 0 -11 -3 -18 -15 -2 -3 -14 -18 -11 -16 -2 -2 -8 -6 -15 -3 -8 -3 -8 -20 -10 -14 -20 -16 -12 -8 -14 -4 -3 -1 -16 0 -1 -8 -17 -20 -2 -4 -18 -19 -5 -8 -20 -4 -6 -4 -4 -17 -8 0 -8 -9 -4 -7 -11 -5 -1 -11 -16 -14 -7 -12 -11 -20 -1 -20 -9 -12 -3 -17 -4 -11 -1 -9 -17 -10 -5 -14 -14 0 -12 0 -6 -4 -20 -12 -17 -17 -11 -2 -15 -8 -6 -3 -1 -16 -6 -7 -12 -7 -15 -15 -19 -11 -19
0 1 1 0 0 1 0 1 0 1 1 0 0 1 0 0 0 0 0 1 1 1 1 1 0 0 1 0 0 1 0 1 0 0 1 1 1 0 0 0 1 1 0 1 0 1 0 1 0 1 0 1 0 1 0 1 0 0 1 0 0 1 1 1 1 0 1 0 1 0 1 1 0 0 1 1 1 0 0 1 0 0 0 0 1 1 0 0 0 0 1 0 1 0 0 1 0 1 1 1 1 0 1 1 0 1 0 0 1 1 1 1 0 0 0 1 0 0 0 0 1 0 0 0 0 1 0 0 1 1 1 0 1 0 1 1 0 1 1 1 1 1 1 0 0 1 1 0 1 0 1 0 1 1 0 1 1 0 0 0 1 0 1 1 0 0 0 0 1 1 0 1 0 1 0 1 1 1 1 0 0 0 0 1 1 1 0 1 1 0 1 0 0 1 0 1 1 0 1 0
131 163 -8
3 5 -6
80 109 -13
12 180 -1
66 160 -6
47 124 -10
62 69 -18
46 53 -1
39 45 -8
57 128 0
2 10 -13
91 101 -16
120 188 -1
8 88 -4
9 42 -9
70 113 -12
23 199 -16
113 125 -13
22 133 -6
23 96 -11
40 138 -15
50 94 -7
17 51 -2
54 87 0
93 158 -20
106 152 -12
101 182 -15
66 150 -20
37 57 -6
41 44 -18
52 149 -12
164 167 -19
15 50 -6
12 13 -18
22 33 -8
115 127 -2
55 115 -19
33 121 -18
25 55 -14
10 24 -17
68 95 -14
26 64 -10
58 62 -1
25 159 -2
62 162 -5
78 98 -9
12 36 -16
2 38 -8
63 172 -7
65 92 -14
41 76 -11
91 99 0
14 86 -1
66 107 -2
38 70 -7
5 11 -3
67 106 -20
115 178 -10
35 181 -12
67 165 -2
29 103 -9
50 56 -13
51 79 -11
83 141 -1
66 80 -3
28 46 -5
21 52 -13
55 169 -6
1 2 -4
99 140 -10
181 196 -6
113 198 -18
42 77 -1
25 102 -19
93 105 -19
16 31 0
103 168 -2
11 43 -5
1 19 -2
33 85 -4
55 82 -11
47 139 -18
27 147 -18
92 195 -12
12 131 -2
91 129 -14
32 40 -19
86 145 -7
118 197 -16
38 41 -20
15 20 0
67 190 -2
31 39 -15
31 71 -19
77 183 -7
78 116 -8
20 49 -10
65 170 -12
45 54 -6
114 132 -5
2 9 -3
1 93 -17
106 174 -6
7 15 0
149 177 0
1 29 -6
81 134 -19
71 154 -17
100 108 -18
40 47 -18
105 126 -6
5 17 -17
24 67 -7
6 16 -14
136 142 -16
22 144 -4
6 7 -16
134 173 -1
81 84 -9
101 122 -9
25 32 -12
2 21 -5
68 151 -9
1 8 -18
13 14 -4
165 187 0
6 18 -17
147 156 -17
83 184 -12
36 153 -15
29 30 -6
21 91 -4
23 89 -14
69 75 -5
13 120 -1
14 104 -9
151 176 -3
18 78 -17
76 143 -10
7 26 -1
17 34 -8
85 164 -7
30 97 -8
22 193 -5
36 66 -1
78 166 0
181 186 -17
5 22 -3
69 171 -9
167 194 -2
1 6 -19
8 63 -6
133 157 -19
110 119 -11
58 59 -4
1 37 -7
54 58 -9
30 61 -3
77 148 -9
2 4 -12
31 136 -6
9 23 -2
16 100 -11
6 12 -4
7 68 -4
178 189 -14
86 192 -11
20 81 -4
14 28 -17
139 179 -10
180 185 -13
137 146 -1
75 111 -12
20 48 -2
117 175 -3
7 117 -4
12 27 -11
33 137 0
34 130 -11
143 155 -11
69 135 -3
89 90 -7
4 118 -1
35 191 -2
94 112 -7
22 35 -16
