20
9 3 3 0
-4 -5 -1 -5 -4 -3 -3 -1 -3
1 1 0 0 1 0 0 1 0
3 4 -5
2 8 -5
1 2 -4
11 0 3 1
0 -2 -3 0 -2 -1 -2 0 -5 0 -3
0 1 0 0 0 0 0 0 0 0 0
8 6 6 1
-207788383 -553987927 -260677008 -592291372 -355283299 -219950377 -76358340 -378153208
0 1 1 0 0 0 1 1
1 2 0
2 6 0
3 5 0
5 7 0
2 3 0
1 8 0
9 7 1 0
-1000000000 -1000000000 -1000000000 -1000000000 -1000000000 -1000000000 -1000000000 -1000000000 -1000000000
1 1 0 0 0 1 1 0 0
4 7 -1000000000
1 3 -1000000000
2 9 -1000000000
1 2 -1000000000
2 5 -1000000000
3 4 -1000000000
5 8 -1000000000
6 0 1 0
-3 -4 -8 -6 -3 -8
1 1 0 0 1 0
11 0 4 1
-1000000000 -1000000000 -1000000000 -1000000000 -1000000000 -1000000000 -1000000000 -1000000000 -1000000000 -1000000000 -1000000000
0 0 0 1 0 0 0 0 0 0 0
7 0 5 2
-314545131 -506458270 -390254349 -9367969 -377554863 -529594536 -428914705
1 0 0 0 0 0 1
6 4 3 1
0 -2 -1 -1 -5 -5
0 0 0 1 0 0
1 2 -5
3 6 0
3 4 -2
2 3 -3
10 9 1 0
0 -3 -1 -2 -5 0 -5 -1 -2 -5
1 0 0 1 1 1 0 1 0 0
1 10 -1
2 6 -1
2 7 -4
1 2 -2
3 8 -4
1 3 -4
3 4 -1
3 5 -3
7 9 -4
8 7 5 1
-11 -12 -4 -11 -3 -9 -12 -16
0 0 0 1 0 0 0 0
1 6 0
7 8 -3
1 2 -15
1 3 -10
3 5 -20
2 4 -4
1 7 -20
12 11 5 1
0 0 0 0 0 0 0 0 0 0 0 0
1 1 1 1 1 1 0 1 1 1 1 0
6 12 -637794661
1 2 -619482167
2 4 -664334174
4 6 -899095441
3 5 -561395155
2 11 -250511782
4 7 -846512319
2 9 -343757373
2 3 -534010768
2 8 -15856963
1 10 -469710245
7 6 6 3
-2 -1 -3 -3 -5 -4 -2
0 1 0 1 0 1 0
1 5 -2
1 3 -1
1 2 -5
2 7 -4
4 6 -1
1 4 -1
8 7 2 1
-2 -5 -5 -1 0 0 -1 -2
0 0 1 0 1 0 1 1
2 7 -3
1 4 -3
1 3 -2
6 8 -5
4 5 -3
1 2 0
4 6 -4
7 0 6 1
-692567244 -677977973 -322686281 -122157048 -460259112 -948982470 -878227484
1 1 1 1 0 1 1
8 6 6 3
-732695744 -91414497 -642867074 -871663632 -230091335 -263918740 -5995876 -159182523
1 0 0 1 1 0 0 0
1 4 0
2 3 0
1 5 0
1 2 0
4 6 0
1 8 0
10 2 3 0
-1 -15 -20 -20 -5 -15 -12 -4 -8 -8
1 1 1 1 1 1 1 1 1 1
3 10 -2
2 5 -15
8 4 4 1
-958791351 -185516581 -354367548 -762163958 -40605491 -150961124 -377747607 -324533049
0 1 0 1 1 1 0 0
1 2 0
4 6 0
2 5 0
1 3 0
9 0 7 0
-1000000000 -1000000000 -1000000000 -1000000000 -1000000000 -1000000000 -1000000000 -1000000000 -1000000000
0 0 1 1 0 1 1 0 0
9 0 4 2
-5 0 -3 0 0 -2 -4 0 -4
1 0 0 1 0 1 1 0 0
12 0 3 1
-1000000000 -1000000000 -1000000000 -1000000000 -1000000000 -1000000000 -1000000000 -1000000000 -1000000000 -1000000000 -1000000000 -1000000000
1 1 1 0 0 1 1 0 1 0 0 0
