20
10 9 5 0
-484102746 -354088518 -677097976 -897750045 -254307663 -675663887 -570737171 -196091175 -409114263 -960092234
0 0 0 0 0 0 0 0 0 0
4 9 0
1 2 0
2 8 0
3 6 0
1 5 0
3 7 0
3 10 0
3 4 0
1 3 0
11 0 6 3
-1000000000 -1000000000 -1000000000 -1000000000 -1000000000 -1000000000 -1000000000 -1000000000 -1000000000 -1000000000 -1000000000
0 1 0 1 0 0 0 1 0 1 1
6 5 3 1
0 -5 -2 -4 -3 -3
0 0 0 1 1 1
3 6 -5
1 3 0
1 2 -4
1 5 -4
3 4 -5
12 7 3 0
-5 -3 -1 0 0 -5 -2 -5 -2 -1 -2 -1
1 1 0 1 1 1 0 0 0 0 1 0
1 9 -1
8 11 0
1 2 -4
4 7 -4
4 5 -3
7 8 -5
3 4 -3
7 0 6 1
-1000000000 -1000000000 -1000000000 -1000000000 -1000000000 -1000000000 -1000000000
0 1 1 0 0 0 1
7 6 1 0
-903966710 -507297355 -606227047 -810166009 -63548261 -861655478 -419151671
1 0 0 1 1 0 0
3 4 0
3 7 0
1 2 0
1 3 0
5 6 0
1 5 0
12 5 3 0
-13 -7 -5 -9 -9 -8 -10 -15 -5 -18 -1 -10
0 1 1 1 1 1 1 1 1 1 1 1
5 8 -14
4 11 -11
1 2 -18
2 7 -5
2 3 -4
7 4 1 0
-124198510 -809119702 -89618707 -907767455 -928052232 -812097479 -569617210
1 1 1 1 1 1 1
1 5 0
4 7 0
2 3 0
2 6 0
11 4 4 0
-4 -3 -20 0 -9 0 -10 -6 -17 -2 -16
0 0 0 0 0 0 0 0 0 0 0
2 4 -3
7 11 -20
9 10 -2
1 3 -11
7 0 3 0
-561222802 -969876452 -442530648 -600227638 -817853202 -829292106 -226083434
1 0 0 0 0 1 1
9 8 6 1
-1000000000 -1000000000 -1000000000 -1000000000 -1000000000 -1000000000 -1000000000 -1000000000 -1000000000
1 1 1 1 1 0 1 1 1
1 5 -1000000000
4 7 -1000000000
2 9 -1000000000
4 6 -1000000000
3 8 -1000000000
1 3 -1000000000
3 4 -1000000000
1 2 -1000000000
8 7 2 0
-210333771 -858623344 -819202748 -738102407 -915072213 -825707068 -181266389 -569801554
1 1 1 1 1 1 1 1
6 8 -623754619
5 6 -607409583
1 4 -744620277
4 7 -278208694
1 2 -950884658
3 5 -5922538
1 3 -472765570
12 0 3 0
0 0 0 0 0 0 0 0 0 0 0 0
1 1 1 1 1 1 1 1 1 1 1 1
10 0 9 2
0 0 0 0 0 0 0 0 0 0
0 1 0 1 1 0 0 1 0 1
12 0 11 5
-1 -3 -4 -1 -4 0 0 0 -1 -2 -3 -1
0 0 1 1 1 0 0 1 1 0 0 1
11 10 4 1
-5 -9 -4 -18 0 -19 -1 -20 -13 -20 -6
0 0 0 1 0 1 0 0 1 1 1
5 6 -2
2 7 -14
5 8 -19
1 11 -7
1 3 -1
1 5 -14
2 4 -13
6 9 -19
1 2 -7
7 10 -18
8 7 4 0
-1000000000 -1000000000 -1000000000 -1000000000 -1000000000 -1000000000 -1000000000 -1000000000
1 1 1 1 1 1 1 1
3 8 -1000000000
2 3 -1000000000
1 7 -1000000000
4 5 -1000000000
1 2 -1000000000
2 4 -1000000000
5 6 -1000000000
10 5 3 1
-258667433 -150574894 -637174618 -635740625 -132326195 -351035919 -538013362 -73788317 -770519955 -443381978
0 0 0 0 0 0 0 0 1 0
3 4 0
9 10 0
2 6 0
1 7 0
1 2 0
7 1 1 0
-1000000000 -1000000000 -1000000000 -1000000000 -1000000000 -1000000000 -1000000000
0 0 0 1 1 1 0
1 2 -1000000000
7 0 3 0
-886741707 -858932892 -776192584 -231178095 -888899394 -447930998 -230910909
1 1 1 1 1 1 1
