20
10 9 7 3
-5 -16 -13 -10 -20 -15 0 -4 -5 -4
0 1 0 1 0 1 0 0 1 1
3 5 -17
5 6 -17
1 2 -20
2 4 -5
1 3 -7
2 8 -18
2 10 -1
3 9 -18
5 7 -6
9 6 4 0
-3 0 -3 0 -5 0 -5 0 -1
0 0 1 1 0 1 0 0 1
1 8 -4
1 2 -3
4 6 0
1 3 0
2 7 -4
2 5 0
9 0 7 3
-1000000000 -1000000000 -1000000000 -1000000000 -1000000000 -1000000000 -1000000000 -1000000000 -1000000000
0 1 1 1 0 0 1 1 1
11 0 5 2
-657003085 -548755692 -741697036 -845165719 -895364807 -759586439 -58991652 -698035987 -679209873 -269420057 -221982735
1 1 0 1 1 1 0 1 0 1 1
6 0 3 0
-869917755 -846300495 -606459767 -433405130 -853113903 -410354926
1 1 1 0 0 0
6 0 4 1
-355352573 -634165615 -779458892 -359390610 -772122038 -10666372
0 1 0 1 0 1
10 0 9 0
-1000000000 -1000000000 -1000000000 -1000000000 -1000000000 -1000000000 -1000000000 -1000000000 -1000000000 -1000000000
1 1 1 1 1 1 1 1 1 1
7 4 3 1
-409918236 -871535052 -638492449 -713659944 -778486153 -518435825 -809544504
0 1 1 1 1 1 1
3 7 -234389640
2 4 -196967860
1 2 -280565390
1 5 -747218388
7 0 2 0
-5 -5 -4 0 -2 -2 -3
0 0 0 0 0 0 0
8 7 6 0
-10 -12 -9 -7 -17 -18 -18 -3
1 1 1 1 1 1 0 1
3 4 -19
4 7 -17
3 6 -6
5 8 -12
1 5 -18
1 2 -11
1 3 -2
7 0 6 1
-56587167 -671734530 -160713025 -202752987 -920228406 -223755158 -105947463
0 0 0 0 0 1 0
12 0 9 3
-1000000000 -1000000000 -1000000000 -1000000000 -1000000000 -1000000000 -1000000000 -1000000000 -1000000000 -1000000000 -1000000000 -1000000000
1 0 1 0 0 0 0 1 0 0 0 0
8 7 1 0
0 -13 0 -20 -2 -11 -11 -1
0 0 0 0 0 0 0 0
1 2 -20
1 3 -16
4 7 -4
1 4 -3
5 6 -18
3 5 -7
5 8 -3
6 5 1 0
-1000000000 -1000000000 -1000000000 -1000000000 -1000000000 -1000000000
0 0 0 0 0 0
3 6 -1000000000
3 4 -1000000000
2 3 -1000000000
1 2 -1000000000
3 5 -1000000000
11 8 5 2
-792654437 -953016348 -330575276 -487418364 -404416865 -458567353 -678153109 -528529215 -840218547 -725317639 -364982598
1 0 1 1 0 1 1 0 0 0 0
3 7 -399917789
1 4 -490442621
6 11 -891466576
2 3 -121153810
5 9 -860051017
1 5 -490263819
1 2 -815384247
1 6 -83653499
11 10 7 3
-664473000 -112835036 -409316287 -771074708 -402548424 -636092546 -543033996 -157165494 -198100533 -117799297 -945180665
0 0 0 0 1 1 1 0 0 1 1
1 3 0
6 7 0
5 8 0
2 6 0
1 2 0
7 9 0
5 10 0
5 11 0
3 4 0
2 5 0
11 10 6 1
-52850583 -807531945 -87712461 -871499624 -968176134 -519625232 -306365092 -579857936 -546915270 -192124121 -271383770
1 1 0 0 1 1 0 0 0 0 0
3 5 -10876317
1 2 -133563424
1 3 -853269823
4 7 -570354424
8 10 -993889695
2 9 -804226313
5 6 -953726981
1 11 -638453179
3 4 -507303765
6 8 -793065393
8 7 1 0
-1000000000 -1000000000 -1000000000 -1000000000 -1000000000 -1000000000 -1000000000 -1000000000
0 1 0 1 1 0 0 1
1 2 -1000000000
2 6 -1000000000
1 5 -1000000000
2 3 -1000000000
1 7 -1000000000
2 4 -1000000000
6 8 -1000000000
7 0 2 1
0 0 0 0 0 0 0
0 0 0 0 0 1 0
9 8 8 3
-1000000000 -1000000000 -1000000000 -1000000000 -1000000000 -1000000000 -1000000000 -1000000000 -1000000000
0 0 0 0 1 1 1 0 0
1 7 -1000000000
7 8 -1000000000
2 4 -1000000000
1 2 -1000000000
3 9 -1000000000
2 3 -1000000000
4 5 -1000000000
2 6 -1000000000
