1
200 139 70 26
-386970890 -925186951 -193885156 -503083408 -141928373 -162047728 -994967179 -680651383 -899735197 -383186774 -214858575 -204364374 -715100612 -355691264 -679115226 -160562447 -815875499 -479302561 -237814844 -379741583 -839330898 -879122076 -548121154 -434966151 -679051711 -677130106 -518726466 -511353162 -356109560 -746096619 -961790574 -123863481 -678872986 -197085820 -734431267 -232297734 -175454557 -599776603 -364820783 -448027765 -221105576 -765182969 -716406902 -236422851 -286739831 -661271930 -444172335 -985968820 -855002186 -44933929 -668116668 -874177929 -848472232 -806176485 -427769940 -248771418 -139145576 -70109895 -974963419 -844012039 -186811551 -643618732 -428208529 -30058426 -566890696 -731275270 -314133391 -91918011 -713514263 -873894234 -279909523 -624679078 -124723582 -30143650 -398584528 -121562480 -187127922 -646044513 -806448114 -391289541 -431559269 -198391174 -330775347 -795763876 -306400733 -571787401 -63496299 -721376978 -425088848 -508766940 -349617651 -693667247 -100394705 -229201875 -760378477 -349947859 -567544693 -674233383 -340554868 -518799031 -327441441 -156560318 -883109366 -70418761 -395765049 -135864635 -53281299 -63291078 -291601261 -207441240 -527744665 -566330888 -901017415 -693762815 -41561870 -130738819 -394514996 -409989415 -938036831 -168042918 -389042198 -761758982 -832114991 -88072878 -523435172 -137631530 -785603919 -591913454 -512594943 -182718432 -111408062 -584625133 -627672506 -399105107 -210170662 -154335800 -450113584 -136145016 -546486144 -887079805 -75578940 -262700159 -675234181 -373718046 -149269313 -578309634 -703153305 -659970770 -78567669 -845113087 -659306220 -665220645 -398415363 -211309321 -796213111 -491601134 -691594618 -794734376 -691485305 -363736518 -101502023 -999295176 -583896887 -816063047 -229034516 -745255382 -713464582 -315047875 -154129812 -160454377 -291210742 -239675714 -949207705 -599099027 -345329053 -332426851 -485332468 -264958635 -815591283 -650915032 -940755984 -251672243 -927877881 -877271284 -807103981 -315735364 -792078558 -18361955 -861582468 -47091781 -718452227 -734828304 -179822521 -896273035 -794228394 -922363824 -591856166 -778863742 -685264786 -391013508
0 0 1 0 0 1 0 1 0 1 1 1 1 1 1 1 1 0 0 1 1 0 1 0 1 0 0 0 0 0 1 1 1 0 1 1 0 0 1 0 0 1 0 0 1 1 0 0 0 0 0 0 0 0 1 1 1 0 1 0 0 1 0 1 0 1 1 1 0 1 1 0 0 0 0 1 1 0 1 1 1 1 1 0 1 1 1 1 1 1 0 0 0 1 0 0 0 0 1 0 1 0 0 0 1 0 1 0 1 0 0 1 1 1 1 1 1 1 1 1 1 1 0 0 0 0 1 0 1 0 0 0 1 1 1 0 0 0 1 0 0 0 1 1 1 1 1 0 0 0 0 0 1 0 1 0 0 0 0 0 0 1 0 0 0 1 1 1 0 1 1 1 1 0 1 1 1 1 1 0 0 1 1 0 0 1 1 0 0 0 1 1 1 0 0 1 1 0 0 0
83 188 -214673548
10 29 -109334966
11 16 -290554778
128 191 -487180273
15 170 -121945275
9 42 -662506769
31 160 -614629347
5 70 -506016213
68 103 -563068571
5 145 -101732659
18 57 -769027531
41 125 -80506806
8 27 -157923657
96 120 -866815910
10 196 -90897527
146 182 -542085894
11 82 -463733536
22 144 -548978411
33 147 -543320104
25 199 -621206809
45 187 -674876421
7 17 -124237275
78 90 -863798652
4 194 -379802689
35 112 -114982390
14 36 -226626468
11 13 -787837329
16 33 -726659433
37 68 -258772754
6 20 -446562597
171 200 -321820479
24 153 -777473262
1 25 -965222712
17 86 -659841472
5 58 -431037969
9 40 -718759991
103 159 -5844269
78 100 -347568017
127 168 -960199993
57 64 -474279853
2 12 -581209229
46 71 -69984436
52 110 -761415967
34 109 -816131919
58 93 -254572600
134 157 -362078551
42 88 -409734298
76 98 -218679066
101 130 -231160316
51 107 -447883919
61 99 -190061440
6 74 -5368189
13 81 -8962618
80 151 -963024087
5 72 -959956648
16 30 -488794296
102 138 -577871359
136 167 -548419759
67 91 -748486614
63 87 -60666
79 104 -534982028
14 38 -389663140
28 140 -887705130
46 96 -500888342
17 59 -390279810
7 163 -879128138
10 131 -933677305
110 127 -886360321
2 190 -262208119
4 6 -513811446
89 139 -765631486
132 150 -51413599
4 24 -191954597
6 22 -474987652
7 46 -103009697
113 171 -653782725
16 19 -881815834
5 18 -96486206
7 106 -413900173
22 50 -33985625
1 9 -4174821
6 80 -288845348
19 34 -527756026
18 83 -489777681
84 94 -441122124
65 135 -394643845
109 166 -794437114
36 114 -239557226
103 126 -573269991
51 61 -210000730
154 197 -292689824
39 49 -624637393
13 52 -742965483
15 55 -496526481
75 118 -675358991
37 115 -868501415
47 89 -537102842
45 66 -611226499
108 129 -313532959
1 23 -864238058
14 175 -438596919
136 146 -229358513
7 21 -794051873
2 4 -986408644
24 84 -922158943
140 198 -922919324
125 195 -623850058
42 60 -117443717
1 37 -278238294
42 47 -555101503
5 143 -233085456
157 180 -135890999
155 173 -504391941
30 154 -129670643
35 48 -500757117
67 116 -53434790
56 149 -680344606
30 32 -64290211
27 35 -671294708
30 31 -32045464
45 53 -612327843
70 75 -451349456
59 78 -668440789
6 26 -204729313
12 28 -628960938
20 45 -955552845
105 193 -637110889
49 97 -537363342
2 8 -883630373
30 134 -372047178
46 108 -525548727
79 177 -463766638
47 111 -513847496
110 148 -893562856
9 51 -151178331
72 85 -65942618
13 142 -460302386
151 158 -969159321
50 92 -402130112
