1
200 167 159 51
0 0 0 0 0 0 0 0 0 0 0 0 0 0 0 0 0 0 0 0 0 0 0 0 0 0 0 0 0 0 0 0 0 0 0 0 0 0 0 0 0 0 0 0 0 0 0 0 0 0 0 0 0 0 0 0 0 0 0 0 0 0 0 0 0 0 0 0 0 0 0 0 0 0 0 0 0 0 0 0 0 0 0 0 0 0 0 0 0 0 0 0 0 0 0 0 0 0 0 0 0 0 0 0 0 0 0 0 0 0 0 0 0 0 0 0 0 0 0 0 0 0 0 0 0 0 0 0 0 0 0 0 0 0 0 0 0 0 0 0 0 0 0 0 0 0 0 0 0 0 0 0 0 0 0 0 0 0 0 0 0 0 0 0 0 0 0 0 0 0 0 0 0 0 0 0 0 0 0 0 0 0 0 0 0 0 0 0 0 0 0 0 0 0 0 0 0 0 0 0
1 1 0 1 0 1 0 0 0 0 0 1 0 0 1 1 1 1 0 0 0 1 1 1 0 1 0 0 1 1 1 1 1 0 1 0 1 0 0 0 0 1 1 0 1 0 1 0 0 0 0 1 0 0 1 1 0 0 0 0 1 0 1 0 0 0 1 1 1 1 0 1 0 0 1 1 1 1 0 1 1 1 0 0 0 1 1 1 0 0 1 0 0 0 1 0 0 1 0 0 0 1 0 1 0 0 0 0 0 1 0 0 0 1 1 1 1 0 0 0 1 1 0 0 0 0 0 0 1 1 1 0 1 1 1 1 0 0 0 1 0 1 0 0 0 1 1 0 1 1 1 0 0 0 1 1 1 1 1 0 1 1 1 0 1 1 1 1 1 1 0 1 1 1 0 0 0 1 0 0 0 1 1 0 1 1 0 1 1 1 1 0 1 1 0 0 1 0 0 1
163 185 -589667573
20 43 -124286474
57 79 -814046382
6 10 -663863984
70 101 -238546233
8 126 -194915679
18 44 -214178920
51 66 -294215201
49 159 -898241797
42 107 -264924554
3 21 -467858263
26 180 -991619800
5 85 -805320360
31 48 -783566371
13 114 -378833785
131 132 -255821038
74 77 -151881033
108 140 -892857495
6 32 -125343005
70 118 -253250246
28 154 -6385336
41 51 -579102388
16 198 -393962185
15 129 -334291437
29 70 -986783712
44 45 -953579639
1 5 -581530332
134 187 -285195054
23 120 -660472272
83 166 -668728714
129 150 -373288680
90 143 -706846632
133 161 -813475226
30 31 -662837649
121 179 -947403014
161 173 -831118543
9 182 -772688896
4 9 -596225492
15 98 -457589670
6 192 -9208317
23 56 -744037140
52 62 -957092123
54 63 -813863822
10 18 -415413178
16 75 -874907035
31 47 -64762428
58 64 -852829461
4 6 -330411162
44 178 -497096611
1 27 -368213642
51 73 -59390747
20 91 -479212857
190 194 -860040814
146 169 -641363150
117 175 -826385065
49 88 -167291299
61 100 -851224658
159 167 -664104112
9 89 -884235102
50 193 -431493113
6 61 -804718769
15 23 -776657077
76 152 -184725725
53 113 -633178922
83 102 -25218367
106 111 -779015332
4 86 -345682540
65 95 -248050210
68 110 -665285613
1 59 -198975153
15 22 -198673679
11 29 -127673967
25 42 -932629391
139 144 -872164422
32 82 -896575023
108 115 -84190809
137 142 -653727272
17 36 -743662483
54 123 -795727194
22 49 -605597700
82 145 -434410436
20 184 -947246960
73 96 -488403386
5 8 -271318797
2 13 -146380850
78 99 -64808078
72 174 -340732209
3 7 -258596977
71 138 -408409854
12 15 -85072969
149 171 -948924601
38 72 -107397189
38 50 -473907443
2 11 -523000455
120 188 -201372744
151 196 -86623144
58 156 -32294145
44 80 -259200281
143 157 -768719515
149 170 -393742745
86 90 -642373942
72 176 -738753289
2 12 -960622329
75 164 -445370653
100 165 -26587031
79 94 -654713180
48 78 -64641457
5 87 -518572763
17 186 -292652562
18 52 -605193236
43 121 -594357594
4 84 -592902995
21 38 -640604567
51 131 -935372715
103 122 -729471532
165 191 -745403804
10 139 -644624768
117 177 -472352656
17 106 -543049483
51 83 -869104737
35 69 -719143167
80 181 -674435489
4 28 -549881224
37 183 -643564515
42 104 -53983480
66 199 -738240247
37 149 -302938599
22 58 -375320056
15 162 -882844999
121 189 -433758375
3 65 -264535429
142 155 -931406053
21 40 -174981216
17 127 -983750216
13 14 -42716998
51 158 -937219252
13 26 -326132113
31 137 -836799054
132 163 -212038634
36 57 -626020566
111 125 -459432785
31 53 -770958179
43 197 -480948079
19 200 -831807757
85 124 -614993955
27 39 -359099932
2 3 -606636867
9 16 -284036209
58 71 -654372524
9 68 -448503311
8 54 -53868712
34 134 -101159218
77 146 -230112829
99 112 -554927495
12 76 -610976696
4 24 -446497092
98 105 -388799709
11 25 -33179779
5 33 -146816726
31 34 -407208839
62 103 -538085843
90 172 -885629455
2 46 -600025892
174 195 -133636098
101 151 -714096688
107 108 -386463334
9 41 -126688927
