1
200 161 138 51
-772559552 -666891391 -882857327 -956309390 -920897467 -872436781 -16029652 -196475928 -146876468 -711082351 -541613489 -273386835 -902560025 -813512648 -618320568 -324462932 -704175997 -770852193 -404058399 -470573892 -421245825 -106936143 -942323805 -943768419 -66133282 -164534627 -725166836 -433666971 -387330091 -498688007 -961280406 -95734037 -232678922 -827268887 -548700493 -175083300 -980505350 -250701227 -371350274 -843358766 -180133506 -309982684 -281692356 -208553821 -975332701 -499217243 -597025201 -311634310 -955240320 -326975533 -98127987 -543904766 -831475910 -498278376 -274711359 -257394945 -334504113 -731598783 -983637437 -267463197 -61581610 -789456414 -919192556 -128973041 -854425307 -485275597 -344747395 -167584012 -948874509 -76954417 -145683669 -38630172 -458654241 -142134679 -248729506 -194531215 -633137552 -993627976 -109320811 -736805567 -655459132 -584467199 -157581318 -768171842 -581926834 -484761038 -266307860 -156081380 -612795802 -63703149 -13286683 -332897846 -128047915 -904908599 -287764268 -624712733 -476889400 -735223348 -154162012 -544970440 -249816203 -72425285 -512331883 -751587087 -79666989 -775100693 -984479998 -686187310 -562958730 -817928650 -817309026 -173338883 -966837899 -949022244 -592003608 -308761861 -686496601 -91176038 -157223053 -74996188 -615031571 -48214186 -433654196 -297700051 -212891936 -516535359 -293976635 -546809304 -950181658 -819971507 -858765638 -857236293 -384084698 -222714487 -332910164 -866071684 -602894497 -228962403 -904279721 -597096088 -962151054 -50273105 -824687172 -660961402 -912723477 -208101938 -369704171 -759952391 -589145024 -464892287 -472278721 -283247376 -489709310 -981627351 -962600225 -121962513 -800316262 -817354939 -827335046 -67403087 -346696638 -511369326 -212926243 -516245424 -110557310 -842217669 -477358096 -830862597 -415759536 -859209313 -335554106 -317345187 -688375729 -925370131 -965052066 -939545602 -382875651 -563795279 -709216385 -334432389 -326115992 -927982195 -928522962 -722786340 -471336424 -388455469 -15773433 -711635056 -660404728 -953154304 -987888474 -962252741 -995665806 -7969583 -920927523 -742822743 -89438217 -88860736 -198148134 -669156163
0 0 1 0 1 0 1 1 1 1 1 1 1 0 0 1 0 1 0 1 1 0 0 0 1 0 0 1 0 0 0 0 0 1 1 0 0 1 0 1 1 1 1 1 1 0 0 1 1 1 1 0 0 1 0 0 0 0 1 0 0 0 0 0 0 0 1 1 1 1 0 1 1 0 0 1 0 1 1 1 1 0 1 0 1 1 1 0 0 0 0 1 0 0 1 1 1 0 0 1 0 0 1 0 1 0 1 1 0 1 0 1 1 1 1 1 1 1 0 1 0 0 0 0 1 0 0 1 1 1 1 0 1 0 0 1 0 1 0 0 0 0 1 1 1 1 1 1 1 0 1 1 0 0 1 0 0 1 0 1 0 0 0 0 1 0 1 1 0 1 1 0 0 0 1 0 0 1 1 0 0 0 1 0 1 0 1 0 0 1 0 1 1 0 0 0 1 1 0 1
135 186 -263476826
10 118 -219466005
36 39 -713243897
55 194 -179970534
12 36 -763368656
17 99 -921518039
29 106 -230508118
159 197 -191839520
2 175 -96989338
19 119 -121807581
5 11 -697750799
33 45 -733958422
120 145 -313452547
31 80 -27432730
146 167 -969216672
174 179 -849878817
13 183 -729156168
154 171 -849389360
24 173 -655503108
2 60 -369465842
39 78 -713739965
87 164 -607515359
75 97 -133728410
28 33 -986398479
113 154 -2203561
157 174 -28756866
5 66 -956988503
69 91 -100566289
67 117 -661745153
5 46 -706999692
118 140 -470074825
82 137 -867647695
48 81 -950203693
66 161 -317684736
57 182 -603030815
45 105 -947822845
69 189 -541567878
123 196 -343218369
1 83 -50629617
67 70 -147472556
37 86 -482351921
120 147 -603942391
19 49 -713122786
3 17 -854062130
54 113 -444427653
157 170 -809204279
49 185 -887433024
101 142 -543458719
142 198 -618020541
106 120 -324162778
70 150 -987292503
80 96 -481753404
22 68 -427663874
64 69 -945925462
5 30 -156206655
5 7 -539781498
49 129 -37766958
17 85 -575088820
25 31 -243412531
40 42 -757907596
90 136 -3603505
27 87 -890721493
113 123 -224340071
74 149 -913344038
14 47 -125991304
58 111 -510891802
49 79 -625821879
57 100 -154387994
55 74 -356519876
7 40 -969232405
83 89 -381897307
3 63 -982274720
10 12 -680367708
22 34 -983732699
1 8 -602395207
58 165 -925183819
36 54 -116308262
47 48 -867558395
36 127 -11288825
34 138 -270866439
50 103 -505682565
65 67 -682993990
162 166 -510571099
25 27 -646910473
23 57 -732467025
35 51 -169453375
49 163 -678299681
148 160 -67548800
151 157 -539607312
101 172 -240686185
4 25 -439782879
50 152 -201456369
27 59 -706138306
4 56 -149929430
15 122 -339022303
94 108 -585914016
22 52 -425009684
3 5 -219369071
41 139 -775708250
46 64 -994786821
36 58 -204373112
43 44 -217359855
2 14 -908518455
4 71 -148834807
45 75 -62351768
54 82 -55043107
7 10 -171289230
59 187 -97188569
170 199 -242082866
10 95 -352894113
2 16 -896297334
19 32 -596553035
62 124 -492125575
10 53 -906882660
16 43 -463033878
81 155 -40462480
28 90 -242584371
94 184 -291143357
3 134 -803194239
53 73 -844325789
28 37 -502772136
41 159 -443376152
71 107 -890417331
143 195 -781945383
129 143 -225995646
19 38 -870935522
115 144 -589782136
11 21 -237365585
166 188 -205354072
14 148 -31377315
1 41 -869580832
85 178 -858309118
25 200 -748562829
3 9 -747766338
3 4 -507668821
15 20 -292254534
9 19 -35454858
27 65 -747756417
88 93 -217063587
40 121 -615619291
15 104 -746598004
93 102 -24061393
46 77 -74257698
6 156 -508739909
105 116 -222641835
25 29 -180932570
43 126 -420296774
50 72 -865205052
14 24 -397782387
15 190 -954028600
42 84 -481069132
49 76 -558891839
27 128 -566131635
67 98 -90169130
125 192 -475165708
121 135 -868737845
20 146 -76095678
150 169 -101129428
31 158 -113750826
35 61 -47458675
57 88 -497865110
