1
200 199 126 32
0 0 0 0 0 0 0 0 0 0 0 0 0 0 0 0 0 0 0 0 0 0 0 0 0 0 0 0 0 0 0 0 0 0 0 0 0 0 0 0 0 0 0 0 0 0 0 0 0 0 0 0 0 0 0 0 0 0 0 0 0 0 0 0 0 0 0 0 0 0 0 0 0 0 0 0 0 0 0 0 0 0 0 0 0 0 0 0 0 0 0 0 0 0 0 0 0 0 0 0 0 0 0 0 0 0 0 0 0 0 0 0 0 0 0 0 0 0 0 0 0 0 0 0 0 0 0 0 0 0 0 0 0 0 0 0 0 0 0 0 0 0 0 0 0 0 0 0 0 0 0 0 0 0 0 0 0 0 0 0 0 0 0 0 0 0 0 0 0 0 0 0 0 0 0 0 0 0 0 0 0 0 0 0 0 0 0 0 0 0 0 0 0 0 0 0 0 0 0 0
1 1 1 1 0 1 1 1 1 0 0 1 1 0 0 1 0 0 0 1 1 1 0 1 1 1 0 1 1 1 1 1 1 1 1 1 1 0 1 0 1 0 0 1 0 1 1 0 0 0 0 1 1 1 0 0 0 0 0 1 0 1 0 0 0 0 0 1 0 1 0 1 0 0 1 1 0 0 0 1 0 0 0 1 1 1 0 0 0 0 0 0 1 1 0 0 0 1 1 0 1 0 1 0 0 1 1 0 0 1 0 0 0 0 1 0 1 1 1 0 1 0 0 0 1 1 1 0 1 0 0 1 1 1 1 1 1 1 0 0 0 1 1 1 1 1 1 1 1 0 1 0 0 0 0 0 0 0 0 0 1 0 1 1 1 0 0 1 0 0 0 1 1 1 0 0 1 0 1 0 0 1 1 0 1 0 0 1 0 0 0 1 1 1 0 1 1 1 0 0
50 154 -886749407
16 18 -527931964
7 30 -399470485
6 46 -761457064
37 101 -786312575
126 187 -592939253
11 181 -342038095
22 117 -290331927
16 155 -789942828
38 129 -941314342
56 61 -438775683
4 5 -678399721
4 42 -895227108
64 127 -933800349
27 91 -52321766
112 182 -797060306
85 153 -778972579
24 63 -370689357
79 178 -401949874
52 165 -231995527
3 24 -669959596
138 177 -851894834
37 82 -890802478
136 148 -857258103
21 160 -486546575
1 3 -432047671
48 137 -592239549
44 81 -173238463
36 38 -611155214
32 190 -851049538
63 112 -773090914
81 118 -355203229
71 88 -949230742
38 74 -469545259
103 124 -248986342
70 116 -608993489
14 16 -562495879
15 19 -563588388
146 176 -41240383
65 157 -62627999
26 68 -978043720
18 48 -717699684
42 60 -222593395
2 13 -535573672
36 85 -4316628
104 108 -764550491
19 64 -844104417
103 138 -155525560
99 173 -169109632
43 78 -603365896
19 23 -324678683
6 27 -255984236
45 122 -507616970
3 12 -832536975
28 98 -396330506
35 71 -759438212
20 36 -451870409
175 196 -361462635
58 120 -565410439
11 172 -472697630
87 125 -65239413
42 65 -120061933
29 168 -227365833
13 170 -739759963
2 6 -82295057
61 90 -292751362
20 123 -889627866
107 119 -140288652
2 10 -667267777
48 115 -807348250
28 52 -163446630
74 113 -398089337
2 8 -891757505
41 199 -151778553
13 121 -598114272
95 131 -485833975
74 87 -625791704
24 51 -191530320
2 31 -627935452
30 103 -514919105
10 14 -690091170
101 114 -321029463
34 102 -7330370
77 159 -433776993
11 126 -144248527
2 4 -612403446
5 41 -98098535
10 86 -492422393
36 185 -237117967
75 111 -516880115
130 198 -760921733
3 29 -781377345
13 130 -234141681
46 83 -882244426
47 84 -579424920
5 146 -273739126
164 195 -717706001
58 106 -381901965
5 7 -437025116
6 145 -864783211
105 144 -649329127
93 192 -981096651
84 151 -388514177
38 99 -227555886
19 50 -350993749
43 53 -468556220
12 49 -274430458
79 150 -738728419
5 20 -737316682
55 135 -321561123
36 55 -375863430
98 189 -849351715
4 128 -403771165
37 40 -430737772
3 169 -630320492
17 95 -931515937
18 105 -153054379
90 104 -324193803
108 194 -369498409
25 26 -876926228
64 141 -666487134
50 56 -395148397
117 143 -697500027
71 110 -853102174
91 107 -129506578
73 161 -480578215
14 147 -435508638
55 136 -829637777
60 197 -354198065
103 149 -739585742
29 70 -199506088
120 167 -488437470
150 191 -812844168
27 66 -663005135
67 79 -196491559
64 89 -914354534
8 39 -260777628
38 44 -113674598
34 58 -907085624
35 69 -901501883
56 75 -474416096
60 73 -344799630
94 134 -959239588
35 152 -611531592
3 139 -363673773
48 97 -345189253
52 162 -171961180
82 93 -13191105
46 76 -548497089
46 47 -913121563
52 158 -115017541
44 140 -362699437
25 45 -69565053
9 67 -526360112
174 186 -195740565
11 35 -262856466
51 156 -384063139
19 174 -320855389
17 21 -159294953
10 33 -125191814
18 180 -356434477
14 22 -925340344
8 25 -980860219
63 193 -305631016
43 183 -58320311
22 133 -166322447
5 57 -534068191
1 200 -75829032
6 15 -29186414
32 43 -868391895
127 163 -814975038
4 72 -506264381
36 37 -463960482
43 188 -871530100
23 80 -548327666
33 184 -670327540
63 142 -18025360
35 109 -241780691
9 17 -380457456
113 164 -263244057
87 100 -614687760
82 96 -248989796
45 54 -41247518
92 179 -402596683
43 77 -656237213
1 11 -820335625
117 132 -757959775
67 171 -281397206
4 9 -384863965
92 94 -934358669
1 32 -250827212
5 62 -298449500
1 2 -576789442
15 92 -6195005
35 175 -220063065
18 28 -839953043
4 34 -461653622
125 166 -265422924
40 59 -639101099
