1
200 199 162 43
0 0 0 0 0 0 0 0 0 0 0 0 0 0 0 0 0 0 0 0 0 0 0 0 0 0 0 0 0 0 0 0 0 0 0 0 0 0 0 0 0 0 0 0 0 0 0 0 0 0 0 0 0 0 0 0 0 0 0 0 0 0 0 0 0 0 0 0 0 0 0 0 0 0 0 0 0 0 0 0 0 0 0 0 0 0 0 0 0 0 0 0 0 0 0 0 0 0 0 0 0 0 0 0 0 0 0 0 0 0 0 0 0 0 0 0 0 0 0 0 0 0 0 0 0 0 0 0 0 0 0 0 0 0 0 0 0 0 0 0 0 0 0 0 0 0 0 0 0 0 0 0 0 0 0 0 0 0 0 0 0 0 0 0 0 0 0 0 0 0 0 0 0 0 0 0 0 0 0 0 0 0 0 0 0 0 0 0 0 0 0 0 0 0 0 0 0 0 0 0
1 0 1 1 0 1 1 1 1 0 1 1 0 0 0 0 1 1 1 1 0 0 1 0 1 1 0 0 0 0 1 0 1 0 0 1 1 0 0 0 1 0 0 1 0 1 0 0 0 0 0 1 0 1 1 0 0 0 1 1 1 1 1 1 1 1 1 0 1 0 1 0 0 0 1 1 0 1 0 1 1 1 1 1 0 1 1 1 0 1 1 0 0 1 0 0 0 0 0 0 0 0 1 0 1 1 1 0 1 0 1 0 0 0 0 1 1 1 1 0 1 1 1 1 0 0 1 0 1 1 0 1 1 0 1 1 1 0 0 1 0 0 1 0 0 0 0 0 1 1 1 0 1 1 0 1 0 1 0 0 0 0 0 1 0 0 1 0 1 1 0 0 0 0 1 0 0 1 0 1 0 0 1 0 1 0 0 0 1 1 1 1 1 0 1 1 1 0 1 0
3 16 -564024284
14 21 -355971503
42 72 -158662793
32 139 -95997471
59 135 -366679289
40 43 -636674946
126 200 -660472406
40 132 -575680440
55 180 -309673227
13 104 -336233888
160 179 -493642903
3 13 -478810986
52 63 -619972918
88 160 -815395038
17 172 -440214209
19 152 -228171922
46 51 -676072448
2 52 -821812321
94 122 -48020115
80 146 -559629623
19 91 -725113297
157 159 -351759548
15 110 -639216360
14 142 -684665692
13 14 -560939422
29 167 -565854411
64 109 -576411946
70 81 -161905896
24 35 -388263462
125 131 -885544233
115 137 -418795117
13 33 -437389299
21 103 -583729973
66 79 -395376414
13 76 -425498477
13 15 -905573895
34 85 -618791724
32 97 -613386492
104 153 -11123182
66 120 -240620496
15 26 -579623343
39 96 -729965023
29 92 -772847133
28 162 -904441063
95 123 -111341392
142 145 -645659776
4 27 -202166306
105 197 -33140772
3 34 -610905604
53 198 -895552204
2 18 -793395827
45 87 -95724338
76 90 -450347783
40 45 -439170270
37 83 -940846166
131 192 -608746337
111 169 -670712403
118 168 -650810074
64 105 -821984257
45 118 -636921679
55 84 -819639536
42 94 -864510842
107 181 -715167814
8 20 -926969923
106 127 -638856083
120 125 -218718531
28 183 -744260768
19 23 -862070574
12 29 -507436137
106 161 -966912173
42 82 -188487074
72 115 -844981370
98 178 -618966360
39 199 -837038508
127 182 -263647390
17 166 -48803251
162 164 -935943695
72 114 -930020037
138 185 -642866111
174 196 -931809554
69 111 -100601568
88 193 -604123953
10 59 -433950091
76 133 -165073071
33 176 -63922049
1 9 -954815639
86 99 -334322323
44 113 -463991429
13 47 -314398120
12 58 -664155577
11 69 -966018786
90 93 -573708125
131 144 -492281119
39 186 -644358856
24 38 -673336787
6 78 -109351829
35 46 -954865018
133 154 -962889330
31 55 -746435705
32 39 -438579461
1 3 -542897771
5 7 -428238220
133 140 -430236303
10 12 -707200208
60 80 -278417842
45 60 -274302881
60 195 -194716557
18 61 -705798883
140 141 -29058042
83 112 -497745557
98 175 -743317976
130 174 -787644185
5 50 -368769720
11 67 -966698190
147 189 -221186615
71 95 -481874004
38 62 -815587095
41 124 -994152451
16 156 -394900992
53 86 -815528882
17 70 -592453716
1 11 -234888371
168 171 -978584665
45 54 -454692679
41 102 -557323270
9 100 -958606828
56 65 -665495417
63 101 -970003052
21 32 -24722692
51 53 -615006727
56 143 -127300776
1 10 -771876099
50 150 -874303508
21 48 -807931973
1 2 -813436862
12 57 -553239127
103 155 -226255353
19 49 -943442528
107 128 -968532915
22 36 -470822815
4 89 -508994871
16 17 -127434395
126 134 -176558547
3 6 -189266193
19 148 -515159914
53 66 -700047776
139 147 -949971930
66 71 -756532416
48 106 -520443621
15 107 -992282293
146 191 -839526875
35 41 -382227289
20 24 -146436451
49 64 -345789500
115 117 -325900055
18 56 -984170046
21 187 -847353850
36 77 -737557176
2 116 -90855185
63 74 -336648015
15 151 -177315577
16 25 -882601609
13 30 -767191718
20 31 -948790225
37 130 -365880303
151 184 -124669301
96 98 -940487324
145 163 -799163424
20 126 -166515113
114 149 -234139451
22 28 -377112215
143 170 -887118365
133 165 -205509232
135 173 -991588284
77 121 -48543382
24 138 -77811077
128 188 -59529694
22 40 -554582773
45 119 -313234826
94 108 -418391665
1 5 -314515957
68 75 -235850452
4 177 -560638548
163 194 -831623326
58 68 -206024648
62 129 -568052647
106 190 -20616342
5 22 -383946120
14 37 -860666081
59 158 -921445657
65 73 -767332308
4 42 -229168741
131 136 -44806188
64 88 -91201963
35 44 -531067188
136 157 -998508779
1 4 -898836515
6 8 -352034153
1 19 -697885149
