1
200 170 142 25
-4 0 -4 -2 -3 -2 0 -2 -4 -4 -4 -5 0 -2 -5 -2 -5 -5 -2 -4 -2 -5 -2 -1 -5 -2 -4 -4 -3 -4 -1 0 0 -3 -4 -1 0 -2 -1 -5 0 -5 -1 -2 -3 -3 -4 -5 0 -1 0 -5 -2 -4 -1 -4 -1 0 -3 -1 -1 -5 -2 -3 -4 -2 0 -5 0 -5 -4 -3 -4 -5 -1 -3 -3 -3 -4 -5 -1 -1 -5 -3 -2 -5 0 -2 0 -4 -2 -5 -5 -3 -5 0 -1 -5 -4 -1 -5 0 -5 0 -3 -1 -3 -5 -3 -3 -2 -2 -2 -1 0 -3 -5 0 0 -2 -5 -2 -2 -5 -5 -2 -5 -3 -3 0 -4 -4 -1 -1 -2 0 -2 -5 -3 -5 -4 -5 -4 -1 -2 0 -3 -1 -3 -3 -2 0 -2 -3 -3 -5 -2 -4 -5 -1 0 0 -4 -4 -2 -1 -3 -5 -1 0 -3 -3 -2 0 -4 -3 -1 -1 -3 -2 -4 -1 -3 0 -1 -3 -1 0 -1 -2 0 0 0 -4 -1 -4 -3 -5 0 -3
1 0 1 0 1 0 1 1 1 1 0 0 1 0 1 0 0 0 0 1 1 0 0 1 0 1 0 1 1 0 1 0 0 1 0 0 1 0 0 1 1 0 0 0 1 0 0 0 1 0 0 0 1 1 1 0 0 1 1 1 0 1 1 0 0 1 1 1 1 1 1 0 1 1 1 1 1 1 0 0 1 0 0 0 1 0 0 0 1 1 0 0 1 0 0 0 1 1 0 1 0 0 0 0 0 0 0 1 0 0 1 0 0 1 0 0 0 0 0 1 0 0 0 0 0 1 1 1 1 1 1 0 1 1 0 1 0 0 1 0 1 0 1 0 1 1 0 0 0 0 1 0 1 1 1 1 1 1 1 0 0 0 0 1 1 1 0 0 0 1 1 1 1 0 0 1 1 1 0 1 0 1 1 1 0 1 1 1 0 1 1 1 1 1 1 0 0 0 0 1
132 194 -1
176 193 -5
55 131 -4
27 180 -1
98 106 0
13 20 -1
26 81 -5
18 184 0
18 178 -5
17 190 -3
55 136 -5
1 24 0
19 25 0
15 61 -5
1 2 0
75 99 -3
81 196 -1
26 34 -3
28 181 0
8 78 -2
53 115 -1
15 17 0
45 172 -1
70 167 -5
60 128 -1
28 65 -2
11 13 0
169 183 -4
14 149 -2
115 197 -3
19 41 -3
55 62 -5
6 171 -5
5 46 -1
73 161 -5
27 30 -2
11 52 -5
113 187 -4
19 39 -3
131 139 -4
69 114 -2
147 169 0
25 112 -2
69 74 -2
99 185 -3
20 191 -1
20 66 -2
40 70 -2
10 19 0
9 141 -2
32 48 -5
42 103 -2
91 123 -2
7 15 0
145 160 -4
112 116 -3
63 86 -4
75 80 -2
107 158 -1
13 49 -4
31 50 0
20 27 -4
10 21 -3
20 174 0
69 137 -5
18 85 -2
52 159 -4
11 32 -3
75 140 -4
14 188 -5
9 47 -4
36 75 -4
24 55 0
76 94 -3
28 121 -2
15 51 -2
131 148 -3
81 101 0
35 59 0
76 118 0
14 37 -1
80 157 -5
61 186 -5
103 144 0
161 198 -2
32 53 -4
66 76 -1
34 97 -2
13 133 -2
43 58 -3
12 96 0
1 8 -5
123 138 -5
79 176 -2
27 90 -1
55 68 -1
45 91 -2
39 135 -1
1 38 -5
56 98 -1
80 143 -2
12 60 -5
36 40 0
51 152 -3
163 175 0
49 156 0
25 26 -5
78 108 -2
28 104 -3
2 45 -1
38 54 -2
58 163 -4
7 111 -3
17 87 0
1 42 -5
26 147 -1
2 12 -4
134 173 -4
74 82 0
15 28 -2
96 151 -1
18 43 -4
82 132 -1
37 126 -5
55 73 -1
19 162 -4
32 109 -5
82 177 -5
17 72 -4
87 192 -2
65 79 -2
4 10 -5
7 31 -5
42 129 0
59 77 -5
65 83 -5
9 166 0
39 189 -4
1 9 -1
108 170 0
83 88 0
12 165 -1
17 22 0
84 100 0
82 142 -4
32 179 -4
20 107 -3
66 134 0
32 93 -4
39 63 -3
1 6 -3
26 35 -1
77 124 -4
82 105 -1
100 102 -4
35 89 -4
70 150 0
18 64 -3
48 145 -2
7 18 -5
65 71 -4
98 130 -1
9 56 -2
132 164 -2
31 36 -2
4 117 0
15 16 0
47 67 -2
1 69 -5
10 120 -1
