1
200 194 142 29
-503335262 -128843662 -984447328 -73196737 -865663045 -365922642 -984135042 -15986400 -909008436 -343897086 -716526470 -743208583 -256542104 -961998738 -679802301 -554556844 -959169821 -417232764 -340165338 -496787681 -536810485 -587904388 -514629846 -798085701 -839598436 -519989432 -614608804 -817456481 -5131403 -168930548 -392315177 -737423958 -648201402 -446075587 -112808115 -924460973 -146326692 -564070395 -231294067 -855461633 -177398621 -594457942 -666427101 -625568031 -569666535 -916652566 -456703340 -391507459 -311853078 -358127020 -120172937 -41052618 -838790185 -465562978 -361102846 -515126425 -729800728 -152569584 -783592221 -90147714 -983357997 -513060987 -831716570 -83434364 -472665427 -817930138 -529204852 -213833684 -526782841 -807134828 -150526339 -138020121 -247054378 -128574969 -235713649 -654389878 -88092516 -207753919 -725776175 -337458802 -319721949 -797610598 -514475470 -852279177 -784504343 -84049528 -643080017 -419961738 -525879262 -747500566 -42148274 -218388198 -505059124 -383072601 -869161244 -171270111 -764137566 -845210710 -79361671 -703247448 -684229366 -992915577 -303468623 -247336696 -276392576 -171520207 -332317285 -358521413 -553547174 -194308030 -532004573 -425063633 -709260292 -587325831 -435059006 -202123813 -287754727 -307339251 -905310036 -604599629 -512017544 -481920776 -755780492 -250812384 -926892731 -575457862 -829224297 -925561192 -341768412 -292594093 -102313413 -270299485 -97416395 -357016705 -914975682 -250618428 -120100567 -994827443 -787051454 -713737978 -467144110 -465498938 -506972531 -113701389 -959275781 -185734478 -875848965 -779669627 -437577181 -543011220 -895940428 -63205748 -544660068 -162052192 -633544063 -166683749 -908610690 -896647161 -124387658 -824228404 -109112205 -895077291 -44906397 -215537 -104269232 -970950676 -385292028 -234916862 -536623567 -847721028 -175686509 -571427242 -998181920 -343038516 -154515570 -970883785 -438575598 -797023920 -194804717 -526304106 -752182593 -953660316 -466527908 -597835412 -752059505 -438555034 -869636987 -269399290 -260986625 -449696597 -914588910 -766506339 -2991691 -574914300 -448185134 -787145068 -117922437 -586614830 -286267684 -141077965
1 0 1 1 0 1 0 1 0 1 0 0 1 1 1 1 0 0 0 0 1 1 1 0 1 1 1 0 1 1 0 0 1 0 0 1 1 1 0 1 0 0 0 1 1 0 0 1 0 0 0 1 1 0 1 0 1 1 1 1 1 1 0 0 1 1 0 1 0 0 1 1 0 1 0 0 1 0 1 0 1 0 1 1 1 1 1 0 0 0 1 0 1 1 1 1 0 0 0 1 0 0 0 0 0 0 1 1 0 1 1 0 0 0 1 1 1 1 1 0 1 0 0 0 1 0 1 1 0 0 0 1 1 0 0 1 1 1 1 1 0 0 1 1 0 1 1 0 0 1 0 0 1 0 1 1 0 0 0 1 1 1 0 0 0 0 0 1 1 0 1 1 0 0 1 1 1 1 0 0 1 0 0 1 1 0 0 1 0 0 0 0 0 1 0 1 0 0 0 0
63 79 -100105986
77 100 -830598050
7 12 -448019014
1 2 -334189298
48 74 -720201256
61 167 -709982940
39 102 -443852971
20 50 -686211677
33 149 -225212972
51 128 -111281477
25 27 -195548431
73 170 -893428466
38 67 -574599429
173 185 -219005089
83 183 -291209344
12 127 -158515735
50 99 -41983203
168 175 -144391946
62 63 -282652831
4 5 -121289591
33 72 -665880685
12 44 -519273569
81 198 -945829328
54 194 -26366109
79 151 -522716995
49 113 -344663406
78 120 -280449980
6 18 -778974068
5 15 -290286808
45 104 -197069267
9 116 -413102253
48 179 -998093762
146 180 -780157462
36 187 -437526821
6 65 -901001275
2 3 -981233265
56 68 -700643711
66 124 -302521764
43 176 -953331030
37 89 -248914296
2 6 -950305041
24 156 -955874646
10 34 -557726773
59 87 -312879294
110 132 -409721200
18 98 -843098723
35 62 -324434703
39 49 -4664833
7 17 -746996789
48 191 -223521073
17 36 -601242155
81 121 -205778603
5 16 -119832437
6 14 -326251280
30 32 -983888315
121 171 -481792470
77 125 -498618941
33 140 -248133378
34 195 -670985072
11 22 -894388499
125 152 -907886581
90 193 -264800749
23 90 -785135550
1 31 -793686361
63 69 -420854597
43 173 -617339952
94 96 -759915812
21 57 -769117653
126 163 -353133821
34 42 -886466730
112 134 -757150035
7 24 -758193245
29 145 -728547304
29 71 -64344689
4 9 -99044339
31 159 -937495314
80 97 -841458343
14 75 -103957948
3 8 -916351725
31 39 -632803349
143 146 -207937433
58 141 -31780805
1 64 -640527757
31 61 -379775544
63 118 -857477859
57 58 -911429664
94 184 -116372387
66 108 -152425485
19 28 -844728031
16 112 -998344963
55 160 -321504989
4 23 -784294423
22 35 -866185734
15 48 -790610364
2 4 -419842316
36 82 -276847381
165 196 -558523160
53 158 -20292040
71 142 -775468170
6 33 -629485994
22 46 -508028095
84 182 -685117836
58 154 -658247510
40 157 -266716531
9 86 -98222048
17 119 -579141280
15 55 -103499257
12 41 -719214119
17 169 -807238905
12 123 -932224621
30 83 -598787804
86 88 -413892326
13 77 -570798696
8 40 -731844507
21 80 -13695836
4 7 -18184727
121 186 -879584980
57 148 -503294509
19 20 -80437648
64 200 -958915786
72 95 -794185419
71 189 -14523786
45 51 -776361921
111 131 -539049955
45 133 -582817414
22 105 -948425640
24 91 -341437338
47 130 -279637692
46 47 -581409320
42 144 -637332194
75 109 -883283931
83 110 -535312559
64 139 -697482142
51 92 -17302025
62 111 -194730417
3 155 -239501883
120 162 -75940734
37 84 -719681396
54 70 -617592032
21 59 -570875614
13 114 -578157374
59 93 -595242101
9 103 -489758842
15 30 -181636699
50 52 -175805956
21 37 -50855138
1 11 -84555075
1 76 -773194979
42 43 -336969993
22 29 -698249555
6 21 -574855976
78 107 -911768676
23 78 -540826787
132 143 -568190999
66 190 -982976606
111 129 -113270994
54 94 -259654449
36 45 -942565911
10 101 -114980102
127 192 -5668749
3 161 -788912620
106 178 -250631719
127 172 -586649139
84 188 -638434136
53 153 -774765241
93 106 -529893263
141 147 -516886441
53 73 -624945608
57 117 -812381131
21 53 -881829553
5 38 -77719334
61 137 -518796588
61 181 -498987758
59 135 -424023280
100 164 -537297216
7 13 -763115911
2 197 -711499194
119 136 -709391212
160 177 -495657036
25 174 -168657515
22 122 -942656827
62 115 -613799574
47 126 -90911949
16 19 -966028515
46 54 -226471173
9 25 -105992343
59 138 -717504258
4 165 -66875650
6 10 -763831293
142 166 -855188828
19 26 -318347640
19 85 -947601793
48 168 -2027972
25 199 -151392846
