1
200 199 58 19
0 -2 -3 0 -3 0 -3 -4 -2 -4 -4 -1 -3 -3 -4 -3 -2 -2 -1 -3 -2 -4 -2 -2 0 -2 -2 -2 -1 -2 -5 0 -5 -3 -2 -5 -1 -5 -2 -1 0 -1 -5 -5 0 -1 -2 -4 -4 -5 -1 -4 -2 -4 -2 -4 -4 -2 -2 -5 0 0 0 -3 -5 0 -1 -5 -5 0 -4 -4 -5 0 -3 -2 -1 0 0 -5 -3 -3 -1 -5 -3 -4 -4 -1 -2 -5 -1 -5 0 -1 -1 -2 -1 -2 -3 -1 -3 -4 -2 -4 0 -1 0 -3 -1 -2 -4 -4 -5 -5 -1 -1 -2 -4 -3 -1 -5 0 -5 -5 -4 -1 -3 -5 -2 -4 -1 -5 0 -5 -4 -4 -5 -2 -1 -5 0 -2 -1 -2 -5 -2 -2 -5 0 -1 0 -1 -3 -5 -1 -1 -4 0 -1 -2 -1 -2 0 -4 -2 -3 -1 -5 -3 0 -1 -2 -5 -2 -4 -1 -3 -4 0 -5 -5 -1 -2 -4 -1 0 -4 -4 -5 -3 -4 -3 -4 0 -3 -1 0 -3 -5 -5
0 0 1 0 0 1 0 0 0 0 1 0 0 0 1 0 0 0 1 1 0 0 0 0 0 0 0 0 0 0 0 0 1 0 0 1 0 0 0 0 0 0 1 0 0 1 0 0 1 0 0 1 0 0 0 0 0 0 0 0 0 0 0 0 0 0 0 1 0 0 0 0 1 0 0 0 0 0 1 0 0 1 1 0 0 0 0 0 0 1 0 0 0 0 0 0 0 0 0 0 0 0 1 0 0 0 0 0 0 0 1 0 0 0 0 0 0 0 1 0 0 0 0 0 0 0 0 0 0 1 0 0 0 0 0 0 1 1 0 0 0 0 0 1 0 0 0 0 0 0 0 0 0 0 0 0 0 0 1 0 1 0 0 0 0 0 0 0 0 0 0 0 0 0 1 1 0 0 0 0 0 0 1 0 0 0 0 0 0 0 0 0 0 1 1 0 0 0 0 0
9 147 0
7 16 -1
140 187 0
95 173 -1
9 32 -1
8 106 -1
15 56 0
11 13 -3
75 161 -3
40 108 -2
6 144 -5
8 12 0
12 18 -5
60 167 -2
63 85 -4
3 9 -3
74 158 -3
80 133 -2
96 145 -5
29 66 -2
1 17 0
58 82 -4
29 39 -1
85 157 0
5 10 -2
180 200 -3
55 78 -1
22 136 0
114 199 -1
29 89 -2
19 23 -5
25 93 -5
98 131 -5
10 11 0
56 153 -3
115 137 -3
14 24 -1
23 67 0
49 69 -5
41 98 0
1 22 0
49 116 -2
29 88 -4
7 45 0
141 155 -5
43 68 0
4 5 -1
18 19 -2
10 114 -2
25 31 -5
80 120 -5
72 92 -4
116 180 0
3 191 0
2 4 -3
23 33 -3
7 172 -5
37 50 -3
1 34 -5
11 15 0
41 54 -3
57 62 -3
125 168 -3
65 99 -2
26 29 -1
3 40 -2
1 2 -2
17 36 -4
137 152 -2
1 48 0
103 113 0
70 77 -5
59 124 -1
91 129 -3
59 193 -1
139 178 -1
68 90 -1
2 28 -3
30 126 0
39 70 0
108 156 -3
120 130 0
45 164 -5
67 143 -4
2 3 -5
1 8 -1
52 104 0
18 47 -1
34 53 -2
172 183 -5
34 95 -3
36 150 -1
36 46 -2
13 42 -1
116 186 -5
168 177 -4
5 122 -4
149 196 -4
24 96 -5
145 176 0
108 162 -2
60 134 0
69 103 -1
88 112 -3
33 37 -1
65 109 -2
35 94 0
28 121 -5
162 195 -5
16 132 -4
138 146 -1
18 61 -4
84 102 -5
14 55 -4
61 185 0
3 169 -1
8 14 -4
6 7 -5
29 79 -5
71 110 -3
76 100 -1
61 123 -3
42 184 -1
140 154 -1
23 80 0
60 87 -1
38 181 -1
149 165 -3
8 26 -1
64 73 -5
56 119 -4
52 170 -4
10 57 -1
50 51 -5
54 128 -2
37 60 0
62 142 -4
3 35 -4
70 105 -5
16 41 -3
94 118 0
67 117 0
1 63 -5
2 58 0
63 91 -4
1 72 -5
2 6 -3
15 20 -5
16 52 -3
53 81 -1
131 149 -3
38 64 -5
16 21 -3
162 171 -2
69 97 -4
44 148 -1
30 115 -5
74 139 -5
115 194 -1
197 198 -2
21 25 -1
37 182 -2
137 151 -1
63 83 -1
88 140 -2
69 197 -3
35 188 -1
34 127 -2
121 160 -5
54 101 -1
13 43 -4
35 76 -2
102 111 -4
109 174 -1
10 44 -4
31 74 -5
13 84 -3
68 159 -1
109 166 -4
104 192 -2
12 27 -2
138 141 -1
84 163 -2
78 189 -4
54 175 -4
67 125 -4
15 30 -3
45 71 -4
89 107 0
31 49 -4
11 75 -3
1 38 -4
28 135 -5
187 190 -1
43 138 -3
66 86 0
19 65 0
6 179 -1
49 59 -5
