467 203
1 260 373
1 100 135
0 467 176
1 448 252
1 102 123
0 85 136
0 348 132
0 378 26
1 440 48
1 223 298
0 385 229
1 313 70
0 413 110
0 84 13
1 186 35
1 114 396
0 388 63
1 154 391
1 112 67
1 225 332
0 4 376
1 348 237
1 296 91
1 436 343
1 44 56
1 18 157
1 99 27
1 366 220
0 188 406
0 260 235
1 48 301
1 150 139
1 358 20
1 306 261
1 410 365
0 445 358
0 153 100
1 339 150
1 369 386
1 172 187
1 262 108
1 276 60
0 97 42
0 4 439
1 225 91
1 5 418
1 418 297
1 238 423
1 444 393
1 284 226
0 15 412
0 82 99
1 67 64
0 173 123
1 41 276
1 128 436
1 257 205
1 276 51
1 455 308
0 134 204
0 60 369
0 33 464
0 30 400
1 169 205
1 88 262
1 32 108
1 377 292
0 383 395
0 266 185
0 50 127
1 376 193
0 328 126
1 9 232
1 312 160
1 228 74
1 427 223
1 133 415
1 206 346
1 72 187
1 31 289
0 371 280
1 454 45
1 420 228
1 422 368
1 312 406
1 140 453
1 6 144
1 152 19
0 341 213
1 23 89
1 100 467
1 77 349
1 386 282
0 308 163
1 241 23
0 186 440
0 459 165
0 412 4
0 153 228
1 244 283
1 240 181
1 95 245
1 275 3
1 140 196
0 56 315
0 462 9
1 259 327
0 157 111
0 228 4
0 79 260
1 6 281
1 385 245
1 366 417
1 254 114
1 287 336
1 172 189
0 152 199
1 433 86
1 137 98
0 78 187
1 224 119
1 419 355
1 162 374
1 410 415
0 202 178
1 175 155
1 91 436
1 59 458
1 299 147
1 150 30
1 345 430
0 432 10
1 110 288
0 110 193
0 138 279
1 152 406
1 298 53
1 12 64
1 124 31
0 443 414
1 385 27
1 114 111
1 4 142
0 423 343
1 28 447
0 117 2
1 192 263
1 227 346
1 354 247
1 68 32
0 238 78
0 370 63
1 133 55
1 227 195
1 52 76
1 401 199
1 442 398
1 346 370
0 232 114
1 405 342
1 227 105
1 275 79
1 431 357
1 138 47
0 296 423
1 111 60
1 381 377
1 328 333
1 172 20
1 361 281
1 60 42
1 454 95
1 438 400
0 3 106
1 36 318
1 130 59
0 45 139
1 416 328
1 283 313
1 64 108
0 360 32
1 102 117
0 348 183
1 244 360
0 35 397
1 67 202
1 122 126
0 419 346
1 400 213
1 253 198
1 150 362
1 118 408
0 223 244
0 404 138
1 403 122
1 351 76
1 295 199
1 441 452
1 35 112
1 96 285
1 27 96
1 65 10
1 138 10
