794 634
1 540 670
1 670 135
1 135 557
1 557 323
1 323 313
1 313 667
1 667 788
1 788 244
1 244 506
1 506 216
1 216 713
1 713 588
1 588 426
1 426 312
1 312 747
1 747 206
1 206 160
1 160 445
1 445 646
1 646 221
1 221 707
1 707 634
1 634 566
1 566 201
1 201 437
1 437 469
1 469 558
1 558 757
1 757 685
1 685 496
1 496 762
1 762 711
1 711 173
1 173 186
1 186 193
1 193 570
1 570 678
1 678 117
1 117 693
1 693 300
1 300 623
1 623 360
1 360 390
1 390 294
1 294 183
1 183 469
1 469 87
1 87 581
1 581 319
1 319 217
1 217 269
1 269 575
1 575 548
1 548 256
1 256 362
1 362 631
1 631 640
1 640 71
1 71 471
1 471 132
1 132 422
1 422 496
1 496 445
1 445 425
1 425 738
1 738 43
1 43 625
1 625 400
1 400 26
1 26 321
1 321 435
1 435 118
1 118 96
1 96 468
1 468 620
1 620 539
1 539 546
1 546 490
1 490 510
1 510 63
1 63 640
1 640 328
1 328 601
1 601 633
1 633 356
1 356 549
1 549 612
1 612 169
1 169 62
1 62 496
1 496 239
1 239 732
1 732 167
1 167 61
1 61 370
1 370 574
1 574 97
1 97 722
1 722 436
1 436 116
1 116 656
1 656 257
1 257 683
1 683 183
1 183 301
1 301 672
1 672 118
1 118 490
1 490 315
1 315 118
1 118 176
1 176 361
1 361 239
1 239 174
1 174 254
1 254 350
1 350 418
1 418 353
1 353 216
1 216 209
1 209 465
1 465 6
1 6 193
1 193 704
1 704 738
1 738 510
1 510 230
1 230 263
1 263 90
1 90 330
1 330 592
1 592 434
1 434 149
1 149 436
1 436 596
1 596 702
1 702 665
1 665 771
1 771 368
1 368 127
1 127 553
1 553 321
1 321 486
1 486 467
1 467 7
1 7 431
1 431 568
1 568 597
1 597 654
1 654 416
1 416 229
1 229 104
1 104 294
1 294 660
1 660 556
1 556 152
1 152 49
1 49 199
1 199 729
1 729 422
1 422 379
1 379 577
1 577 217
1 217 666
1 666 563
1 563 401
1 401 732
1 732 610
1 610 538
1 538 34
1 34 8
1 8 151
1 151 86
1 86 778
1 778 682
1 682 580
1 580 566
1 566 110
1 110 236
1 236 333
1 333 424
1 424 593
1 593 453
1 453 684
1 684 602
1 602 258
1 258 219
1 219 544
1 544 604
1 604 653
1 653 602
1 602 547
1 547 691
1 691 109
1 109 602
1 602 69
1 69 109
1 109 394
1 394 363
1 363 110
1 110 792
1 792 428
1 428 618
1 618 645
1 645 373
1 373 385
1 385 323
1 323 542
1 542 410
1 410 57
1 57 613
1 613 106
1 106 273
1 273 760
1 760 410
1 410 170
1 170 646
1 646 303
1 303 569
1 569 95
1 95 557
1 557 588
1 588 32
1 32 12
1 12 196
1 196 742
1 742 17
1 17 332
1 332 244
1 244 43
1 43 495
1 495 586
1 586 163
1 163 686
1 686 410
1 410 192
1 192 487
1 487 755
1 755 8
1 8 186
1 186 112
1 112 459
1 459 518
1 518 288
1 288 582
1 582 334
1 334 329
1 329 662
1 662 619
1 619 439
1 439 58
1 58 84
1 84 532
1 532 456
1 456 336
1 336 362
1 362 336
1 336 412
1 412 251
1 251 137
1 137 450
1 450 224
1 224 156
1 156 605
1 605 447
1 447 746
1 746 551
1 551 434
1 434 349
1 349 25
1 25 255
1 255 562
1 562 516
1 516 232
1 232 680
1 680 634
1 634 12
1 12 356
1 356 455
1 455 790
1 790 599
1 599 266
1 266 297
1 297 123
1 123 563
1 563 210
1 210 702
1 702 266
1 266 739
1 739 290
1 290 540
1 540 55
1 55 782
1 782 287
1 287 363
1 363 678
1 678 164
1 164 747
1 747 734
1 734 490
1 490 518
1 518 462
1 462 441
1 441 322
1 322 148
1 148 656
1 656 783
1 783 669
1 669 761
1 761 438
1 438 86
1 86 540
1 355 576
1 287 555
1 608 246
1 562 622
1 446 781
0 319 131
0 735 202
1 210 594
1 621 758
1 581 393
1 348 283
0 94 299
1 470 545
0 776 83
0 313 163
1 625 128
1 395 272
1 595 467
1 785 151
1 544 480
1 419 691
1 386 451
1 783 301
1 628 194
0 92 439
1 634 238
1 463 3
1 64 732
1 680 615
1 430 487
1 743 360
0 549 470
0 729 776
0 167 23
0 768 659
1 781 541
1 182 703
1 658 343
0 619 214
1 453 2
1 271 736
1 88 51
1 301 218
1 791 389
0 306 485
1 451 633
1 390 774
0 200 293
1 376 663
0 710 547
1 602 117
1 595 638
1 321 378
1 379 789
1 126 690
0 346 144
1 212 284
1 368 295
0 153 43
1 455 704
1 373 229
0 459 569
0 103 183
1 341 548
1 363 217
0 472 755
1 190 662
1 518 383
0 758 718
1 338 739
1 663 31
1 760 585
0 327 183
0 403 758
1 362 158
0 136 525
1 281 553
0 252 175
1 195 424
1 650 656
0 65 170
1 13 222
0 159 469
1 6 664
1 163 23
0 126 425
0 750 702
0 379 589
0 596 271
0 788 5
0 671 630
1 485 556
0 476 214
1 786 676
1 343 527
1 590 345
0 591 46
1 48 292
1 791 715
0 391 536
1 762 748
0 388 359
1 678 167
1 522 267
1 596 718
1 734 699
0 113 152
0 17 658
1 714 166
0 287 180
1 192 317
1 757 777
1 646 623
1 487 99
0 150 246
1 718 461
0 495 623
1 144 533
1 268 593
1 529 492
0 91 755
0 428 595
0 14 650
1 637 627
1 617 248
1 462 379
0 479 631
1 335 43
1 544 231
1 689 60
0 691 427
1 96 102
1 129 687
1 252 420
0 388 115
1 337 470
1 331 2
1 494 773
1 195 473
1 794 49
1 368 548
1 181 779
0 640 73
0 676 412
0 194 389
0 252 130
1 587 319
0 49 144
0 443 751
1 44 45
1 311 750
1 121 512
1 710 356
1 15 485
1 344 421
1 504 693
0 300 429
1 733 642
1 287 511
1 245 721
1 15 723
1 550 337
0 533 14
1 478 132
1 468 245
1 55 23
1 9 89
1 135 626
1 786 254
1 657 485
1 72 608
1 16 672
1 522 36
1 755 185
1 2 200
1 164 174
0 269 294
1 531 128
1 129 284
0 203 88
1 369 465
1 404 774
0 367 264
1 731 128
1 326 8
1 104 730
0 40 33
0 704 645
1 539 604
0 648 552
0 147 634
1 561 709
1 89 724
1 654 663
1 749 307
1 663 455
0 453 180
0 17 637
0 637 697
0 59 565
1 427 729
1 538 31
1 702 364
1 309 163
0 548 727
1 775 375
1 609 94
0 125 138
1 673 592
1 154 5
0 347 205
1 696 193
1 761 383
0 150 56
1 641 793
1 403 729
1 462 109
0 545 281
1 99 752
1 566 627
1 693 397
1 563 525
1 634 646
0 783 132
1 93 697
0 678 317
1 516 407
0 643 561
0 12 585
1 387 440
0 639 231
1 226 340
0 190 608
1 541 754
1 2 641
1 257 131
1 760 721
1 570 196
1 304 309
1 40 609
0 221 548
1 199 73
1 679 622
1 632 288
1 366 662
1 31 344
1 569 483
1 730 353
1 770 192
1 594 154
1 310 440
1 460 314
0 436 661
1 551 303
0 395 340
1 57 746
1 580 52
1 151 634
0 398 144
1 311 787
0 67 629
1 184 589
1 66 496
0 561 672
0 202 382
1 110 597
1 766 685
0 735 753
0 629 534
0 57 599
0 169 660
1 762 633
1 493 85
0 730 574
1 424 38
1 746 772
1 323 240
1 473 435
1 716 125
1 212 53
1 478 487
1 383 129
1 270 475
1 749 265
1 259 393
0 267 539
1 586 452
0 700 240
1 525 683
1 684 78
1 239 2
0 789 348
0 266 328
1 38 71
0 629 139
1 357 33
0 59 350
0 78 410
1 356 630
1 430 6
1 34 510
1 417 287
1 716 101
1 69 135
1 431 169
0 437 388
1 598 105
1 266 751
0 543 760
0 514 769
0 722 762
1 249 469
1 327 84
0 147 423
0 419 217
0 285 308
1 251 185
1 253 476
1 142 618
0 128 765
1 235 259
1 693 494
1 676 670
