299 898
1 128 118
1 281 251
0 22 140
1 88 183
1 200 4
1 199 100
1 84 15
1 257 59
1 215 128
0 140 59
1 188 159
0 66 99
0 230 137
1 37 3
1 138 215
0 203 148
1 286 287
1 58 43
0 69 202
1 178 256
0 45 120
1 23 238
1 137 46
0 45 92
1 201 179
0 92 206
1 91 181
1 114 285
1 275 297
1 75 6
1 126 87
0 251 265
1 94 38
1 14 274
0 220 276
1 234 219
1 164 196
1 33 51
1 291 114
0 285 30
1 188 66
1 4 50
1 195 294
1 159 170
0 206 204
1 198 93
1 170 179
1 217 148
0 127 272
0 232 191
0 38 166
1 67 81
1 25 124
0 133 169
1 27 25
1 179 195
1 99 204
1 21 286
1 165 74
1 27 217
1 40 268
1 121 145
1 21 222
1 138 14
1 218 93
1 2 258
0 143 230
1 119 196
0 129 144
0 250 298
1 289 295
1 51 299
1 11 222
0 22 115
1 239 151
0 47 10
0 192 242
0 190 137
1 150 232
1 71 177
0 176 27
0 89 282
0 216 59
1 86 255
1 24 16
0 276 81
1 286 279
1 148 179
0 126 69
1 18 261
0 233 38
1 48 163
0 64 180
0 74 214
0 279 202
1 35 246
1 160 94
1 197 87
1 204 84
1 17 190
1 2 280
1 55 290
0 83 54
1 23 209
1 123 36
1 37 16
1 176 13
0 29 49
1 136 10
1 201 235
1 49 126
1 263 12
1 52 243
1 107 202
1 254 40
0 148 235
1 52 40
0 262 11
1 187 224
1 115 189
1 210 123
1 252 43
1 224 206
1 213 156
1 206 104
0 254 288
1 283 29
1 297 274
1 114 163
1 138 184
0 18 2
1 111 236
1 273 185
0 68 236
0 131 76
0 90 45
1 89 43
1 266 186
1 224 299
1 207 296
1 284 282
1 17 115
0 155 2
1 252 248
1 197 297
0 235 273
0 214 15
0 111 218
1 115 249
1 120 41
0 158 251
0 159 297
1 46 38
1 89 193
0 140 233
0 121 153
1 290 210
1 98 145
1 174 193
1 40 193
1 264 234
1 281 3
1 252 72
0 200 188
1 196 236
1 260 251
1 267 291
1 77 146
1 107 201
1 52 92
1 294 84
1 250 105
0 178 278
1 36 190
1 234 42
1 32 261
0 157 14
0 115 84
0 250 159
1 207 156
1 146 81
1 147 178
0 280 90
0 42 210
0 129 109
1 230 136
1 237 158
0 27 256
1 130 293
1 171 139
1 28 132
1 214 155
1 32 144
1 227 280
1 234 230
1 261 112
0 116 178
0 67 241
1 151 173
1 239 184
0 142 18
1 8 85
1 220 233
1 179 42
0 254 262
1 120 125
1 175 184
1 32 90
0 174 39
1 220 160
1 90 24
0 78 66
1 288 123
0 170 119
1 297 13
1 14 33
1 228 3
1 148 34
1 52 111
1 177 94
0 148 121
1 81 248
1 231 144
1 13 138
0 186 274
1 114 95
1 284 232
0 268 183
1 2 265
1 3 145
1 163 247
1 48 243
0 11 72
1 158 65
1 70 108
1 223 283
0 86 103
1 150 58
1 164 39
0 159 278
0 27 204
1 257 101
1 159 85
0 109 233
0 153 78
1 207 279
1 87 132
1 296 115
1 78 295
1 276 198
0 17 27
1 129 48
0 258 149
0 85 272
0 92 25
0 89 184
1 105 217
1 13 91
0 58 121
1 163 225
1 283 276
1 62 49
0 204 129
0 264 57
0 65 298
1 172 44
0 167 181
1 224 39
1 84 98
1 292 37
0 176 266
1 275 72
0 188 75
1 68 151
1 187 14
1 223 84
1 18 110
0 283 172
1 107 19
0 143 264
0 182 290
1 287 75
0 259 81
1 267 35
1 89 81
1 219 101
1 23 24
1 150 245
1 15 131
1 83 52
1 40 178
1 127 249
1 175 218
1 282 88
0 110 283
0 187 272
1 99 124
1 282 248
1 191 246
0 87 156
0 113 148
0 213 290
0 63 67
1 127 100
0 27 188
1 256 132
0 295 230
1 70 233
1 252 83
1 9 24
1 28 157
1 132 90
0 183 74
1 109 79
1 273 164
1 250 171
0 216 235
1 124 81
1 22 176
1 173 236
1 260 253
0 110 44
1 94 214
0 83 273
1 68 204
1 190 157
0 202 54
1 203 97
1 70 237
0 234 23
1 192 98
1 52 105
1 109 121
0 238 107
0 273 85
1 273 172
0 210 292
0 191 43
1 299 268
1 63 204
0 20 141
0 266 52
0 276 9
1 219 164
1 215 235
0 150 228
0 292 103
1 59 282
1 217 283
0 16 216
1 45 276
1 99 236
0 80 243
1 34 132
1 238 131
1 287 71
1 135 177
1 119 209
0 221 110
0 131 138
1 178 261
1 122 32
1 106 79
1 120 263
0 177 68
0 120 58
0 99 60
1 90 282
1 173 266
0 85 212
0 46 74
1 291 89
1 5 293
0 166 73
1 192 122
0 259 288
1 35 221
1 98 137
1 77 107
1 218 123
1 144 276
1 200 175
1 254 251
0 228 212
0 17 195
1 144 206
1 138 97
0 141 78
1 284 280
1 202 180
1 241 172
1 178 204
1 261 59
1 174 215
0 196 220
1 276 277
0 141 186
0 54 23
1 151 34
1 98 4
1 195 194
1 286 95
1 167 61
0 291 154
1 94 142
1 293 36
1 229 238
1 59 259
1 121 59
1 113 280
1 217 179
1 151 3
0 76 162
1 113 264
1 222 243
0 139 268
1 172 87
1 78 123
1 125 192
1 118 165
1 86 219
1 40 299
1 144 207
1 101 278
0 158 77
1 238 22
0 134 122
1 265 25
0 197 223
1 39 236
1 251 195
0 46 182
0 122 170
0 230 107
1 104 287
0 110 13
1 285 88
1 133 84
1 297 30
1 239 9
1 117 43
1 127 220
0 45 21
1 133 223
0 101 296
0 146 262
0 184 12
1 87 183
1 147 295
1 261 60
1 38 207
1 246 239
1 299 128
1 262 28
0 138 199
1 236 210
1 119 242
1 209 271
0 218 41
1 28 2
1 247 127
1 269 225
1 273 145
1 189 68
1 251 3
0 62 112
0 65 136
1 128 8
1 84 220
0 214 299
0 182 39
1 236 235
1 128 89
1 107 46
1 73 282
1 43 128
1 267 34
1 199 7
0 239 25
1 50 252
1 253 125
0 220 94
0 27 241
1 50 56
1 206 20
1 101 295
1 252 246
1 220 41
1 246 219
0 260 266
1 75 298
0 56 183
1 242 260
1 163 43
1 100 242
1 114 176
0 51 28
1 157 278
1 237 17
1 194 87
1 247 25
0 197 137
1 186 66
1 32 115
1 56 220
1 295 218
0 64 165
1 21 159
1 203 158
1 76 179
0 121 256
0 234 12
1 221 124
1 88 192
0 30 151
1 51 59
1 195 67
1 231 217
1 137 160
0 206 103
1 263 26
1 169 145
1 16 296
1 122 4
1 80 93
1 136 272
0 214 103
1 223 149
0 55 98
0 41 250
1 121 184
0 135 261
1 241 32
1 279 84
0 54 36
1 256 118
1 117 267
1 212 114
0 160 221
0 116 62
1 78 205
0 273 43
1 59 299
1 88 125
1 229 296
0 174 204
1 235 75
1 51 240
1 180 169
1 290 38
0 165 3
1 227 283
1 104 299
1 65 227
1 185 181
1 57 1
0 264 265
1 184 39
1 200 286
1 162 67
1 123 71
1 220 260
1 210 99
0 30 32
1 245 4
1 16 194
1 225 261
0 291 39
1 67 48
1 296 187
1 206 41
0 128 282
0 109 44
0 39 122
1 152 163
1 283 178
0 247 231
1 278 246
1 90 283
1 10 202
1 96 195
1 218 110
1 213 165
1 183 283
1 208 65
1 233 114
1 256 138
0 256 147
1 7 105
1 186 116
1 154 175
1 200 98
0 256 75
1 254 82
1 138 178
1 205 168
1 295 196
1 243 229
1 184 150
1 23 143
1 243 271
1 106 7
0 229 263
1 34 128
1 248 55
1 267 269
0 61 278
1 289 235
1 155 208
1 272 157
0 35 18
0 267 259
1 146 6
0 127 162
1 227 45
1 183 173
1 70 277
0 34 221
0 164 63
1 249 78
1 173 140
0 234 137
1 173 3
1 245 284
0 33 236
1 2 204
1 206 219
0 101 293
1 93 27
0 95 138
1 26 13
1 232 148
1 164 77
0 202 66
1 283 38
0 48 246
0 129 83
1 148 176
0 38 184
1 152 108
1 207 295
1 203 205
0 40 244
1 8 236
0 134 198
1 235 214
1 282 181
1 177 69
1 213 146
1 159 99
1 60 163
0 15 129
1 257 33
1 59 155
1 152 193
1 20 132
1 224 276
1 252 282
1 173 249
1 55 121
0 145 10
1 200 22
1 58 288
1 201 44
1 201 24
0 150 220
1 253 265
1 240 38
1 187 33
1 38 110
1 1 20
1 247 278
0 148 81
1 245 222
1 58 133
1 177 139
1 101 239
1 138 247
1 81 206
1 220 148
1 260 51
1 1 168
1 159 95
1 247 220
1 149 142
1 263 18
0 287 121
1 287 72
1 152 160
0 115 92
1 164 209
0 88 157
1 256 283
1 204 150
1 266 130
1 127 53
1 8 13
1 282 96
1 150 218
1 299 110
1 262 152
1 126 231
1 266 120
1 294 51
0 116 2
0 284 202
0 294 247
1 209 86
1 141 234
1 228 294
0 264 21
1 229 145
0 13 53
0 213 174
1 11 19
1 244 60
1 239 32
0 8 224
1 271 1
0 23 121
1 290 78
1 282 98
1 4 133
1 65 183
1 124 18
0 236 38
0 55 83
1 176 72
1 197 134
1 12 3
1 247 5
0 135 134
0 203 127
1 283 270
1 201 188
1 127 185
0 133 52
0 98 109
1 174 53
1 130 13
1 14 32
1 53 261
0 262 132
1 174 43
1 298 216
1 79 158
1 296 215
0 259 69
1 185 138
1 190 89
1 13 293
1 196 280
1 259 245
0 60 35
1 127 195
1 274 232
1 262 181
1 151 90
1 240 201
0 189 280
1 25 60
1 23 14
1 48 299
1 122 234
0 46 114
1 269 174
1 139 207
1 139 208
1 54 248
1 296 30
1 163 126
1 118 295
0 226 156
0 134 260
0 8 80
1 74 9
0 104 200
1 69 79
1 188 172
1 120 283
1 168 28
0 153 155
1 170 205
1 131 62
0 289 45
1 187 176
1 32 167
1 12 72
1 138 25
0 86 278
0 135 9
1 213 19
1 229 117
0 181 83
1 158 119
1 47 29
0 239 8
1 84 170
1 80 208
1 225 251
1 17 257
1 34 189
1 202 140
1 3 33
1 137 43
0 138 58
0 34 136
0 203 292
0 221 105
1 149 88
0 77 249
1 147 235
0 65 212
1 211 228
1 276 218
0 130 83
1 265 150
1 2 50
1 41 47
1 287 23
1 246 266
1 1 230
0 248 255
1 52 62
1 15 12
1 182 286
0 54 28
1 143 139
1 94 261
1 64 82
1 88 72
1 57 45
1 74 99
1 158 8
1 227 135
0 93 145
1 62 266
1 26 186
1 215 195
1 38 121
0 255 278
1 64 72
1 62 118
1 193 57
1 58 256
1 211 257
0 33 4
1 233 276
1 156 246
1 178 185
1 14 218
1 164 42
1 142 147
1 148 13
1 38 74
1 100 101
1 216 42
1 163 101
1 210 186
1 84 253
1 281 17
1 261 254
1 102 282
1 10 115
1 93 275
0 67 247
0 14 109
1 298 96
1 257 108
0 58 186
1 159 200
1 40 44
1 240 169
0 216 93
1 82 26
1 286 20
1 253 257
1 251 68
1 187 239
1 210 116
0 113 118
1 268 154
1 168 114
0 19 235
0 7 70
1 297 84
0 165 253
0 158 220
1 78 9
0 97 249
0 266 264
1 185 133
1 62 94
1 224 7
1 284 59
1 164 98
1 60 198
0 2 59
