577 748
1 290 201
1 134 71
1 310 138
0 511 279
1 434 364
0 559 246
1 315 321
1 147 535
1 293 179
1 56 84
0 184 568
1 213 192
0 8 403
0 110 521
1 195 293
1 526 551
1 36 501
0 318 129
1 207 435
1 213 336
1 499 15
1 46 25
1 241 223
1 563 279
1 534 105
0 141 509
0 206 93
0 357 506
0 480 453
1 326 275
1 389 333
0 417 144
0 114 269
1 490 35
0 216 543
0 79 92
0 363 350
0 569 10
1 407 393
1 567 483
0 460 28
0 287 479
0 321 526
1 247 286
0 151 234
1 565 345
1 440 495
0 370 383
0 344 73
1 190 473
1 21 73
1 266 528
0 129 12
1 573 211
0 511 36
1 63 104
0 358 121
0 454 46
1 356 213
0 483 391
1 429 128
1 451 108
1 501 34
1 350 478
0 201 569
0 471 477
0 112 345
1 176 469
1 548 430
0 331 66
1 328 165
0 42 360
1 506 260
0 239 352
1 47 227
0 43 466
1 562 477
1 525 574
1 64 281
0 538 312
1 389 564
1 313 124
0 134 326
1 342 157
1 457 157
1 527 20
1 532 525
1 420 147
1 82 468
1 92 344
1 420 392
1 216 13
0 219 114
1 407 547
1 169 157
1 474 352
1 559 214
0 256 150
1 245 365
1 352 10
1 465 177
1 225 1
0 4 12
1 277 115
1 248 470
1 159 90
1 136 195
1 368 503
1 401 13
1 527 477
1 85 322
1 69 268
1 430 105
0 242 57
0 491 251
1 165 546
1 313 6
1 122 540
1 215 126
0 275 553
1 109 207
0 382 320
0 310 321
1 346 484
1 562 308
1 515 503
1 249 95
0 55 106
1 128 262
0 542 86
0 496 225
0 566 412
1 480 254
1 9 275
1 39 521
1 345 100
0 415 288
1 446 412
0 395 463
1 119 457
0 493 33
1 69 301
0 523 83
1 385 6
0 217 59
1 546 27
0 565 71
1 427 9
1 8 2
0 452 481
1 14 232
1 64 572
1 151 229
0 40 507
1 6 411
0 133 488
1 372 497
1 309 39
1 349 26
0 244 90
1 247 190
1 35 427
0 178 218
1 212 366
1 502 267
1 311 31
0 131 357
1 288 563
0 315 480
0 201 435
1 474 228
0 269 154
1 394 417
1 398 433
1 197 40
0 362 430
0 65 274
1 247 231
1 443 278
0 115 89
1 442 537
1 488 159
1 228 89
1 572 186
1 183 343
0 98 555
1 51 295
1 21 108
0 568 552
0 569 11
1 531 502
0 381 280
0 400 157
0 38 558
1 96 17
1 387 115
1 13 577
1 422 257
1 105 215
1 155 131
1 177 5
0 575 546
0 223 482
1 449 518
0 473 495
0 191 456
0 440 208
1 407 568
0 76 60
0 297 68
1 361 172
1 478 327
0 562 356
0 273 325
1 577 276
1 389 141
0 286 293
1 160 71
0 430 370
1 92 34
0 301 429
0 276 501
0 80 483
1 83 263
0 417 168
0 515 73
1 59 8
1 205 19
0 356 165
1 334 464
0 450 35
1 92 538
0 298 530
1 293 124
0 138 360
1 132 315
0 483 486
1 246 227
0 291 341
1 123 205
1 547 363
1 27 317
1 196 321
0 442 429
1 553 466
0 37 330
0 82 250
0 145 209
0 240 342
1 321 105
1 119 169
1 331 485
0 127 79
1 524 222
1 275 195
1 408 45
1 320 16
0 284 112
0 371 491
0 256 383
1 294 185
1 203 131
0 422 513
1 102 219
0 563 481
0 297 571
1 362 220
1 304 102
0 545 54
0 112 71
1 138 102
0 501 284
1 369 191
1 188 198
1 231 233
0 27 544
0 184 71
0 217 511
1 114 561
1 255 207
1 327 39
0 449 536
0 141 316
1 319 137
1 71 70
0 33 298
1 432 91
1 6 211
1 74 1
1 360 132
1 32 391
0 432 417
0 472 48
1 291 503
0 217 8
0 308 181
1 178 236
1 552 112
0 227 277
1 16 418
1 545 568
1 370 374
1 291 546
0 198 156
1 116 234
1 138 566
0 304 475
1 36 525
1 53 421
1 224 198
1 3 282
1 494 101
1 353 377
1 87 47
1 427 338
1 542 437
1 102 362
0 92 146
1 323 561
1 441 366
1 281 413
1 573 299
1 405 271
1 297 553
0 268 365
1 307 489
1 484 146
0 184 5
1 363 426
1 264 350
1 494 413
0 66 65
1 405 269
0 385 125
0 508 499
1 290 149
1 277 167
1 568 446
1 518 470
1 345 224
1 394 404
1 544 536
0 332 151
1 502 565
1 215 199
1 575 556
1 203 453
1 423 62
0 346 147
0 74 337
1 541 220
1 250 577
0 210 520
1 314 391
0 509 563
1 568 152
1 379 541
1 150 14
1 172 546
1 296 186
1 318 451
1 45 172
1 339 34
1 269 535
1 456 187
1 20 245
1 228 476
1 121 291
1 238 385
1 463 87
1 481 361
1 258 373
1 258 542
1 172 135
1 106 394
1 482 219
1 50 246
1 384 418
1 72 514
1 387 194
0 90 452
0 530 369
1 507 30
0 89 101
1 454 278
1 383 446
1 517 566
1 67 288
1 336 425
0 163 386
0 77 365
1 211 173
0 105 437
1 90 492
1 483 269
0 538 169
1 81 280
1 545 425
1 396 53
1 319 483
1 279 297
1 361 64
1 175 131
0 468 474
1 465 382
1 93 420
1 226 279
0 541 496
0 371 406
1 118 475
1 502 516
0 84 155
1 512 74
1 235 13
0 246 440
1 552 288
1 387 547
1 13 370
1 171 69
1 489 46
0 439 290
1 289 271
0 515 376
1 304 491
0 286 469
1 190 455
1 295 498
1 416 308
1 343 82
0 492 275
1 515 84
1 314 283
0 235 514
0 43 232
1 364 487
1 192 440
1 32 285
0 518 89
1 337 81
1 367 97
1 172 81
1 41 275
1 544 294
1 189 203
1 169 10
1 289 493
0 122 106
0 148 385
1 447 66
1 54 554
1 94 117
1 525 355
0 96 196
1 404 130
1 26 370
1 116 491
0 386 28
1 221 349
1 401 153
1 176 475
0 356 246
1 181 472
0 75 412
1 44 255
1 224 178
0 449 197
1 281 201
1 464 195
1 34 203
1 22 519
1 424 60
0 108 158
1 5 118
0 71 263
1 554 560
1 470 131
1 200 17
0 96 253
1 216 424
1 372 478
0 297 203
0 362 454
0 173 103
0 139 465
1 431 558
0 42 437
1 210 386
1 289 441
0 521 399
1 494 153
1 559 244
0 58 49
1 317 16
1 405 412
1 336 44
1 327 541
1 253 7
1 495 273
1 492 81
0 65 315
0 91 111
1 569 426
1 273 321
1 485 15
1 250 126
1 172 498
1 477 542
1 225 158
0 19 242
0 519 233
0 398 332
1 571 388
1 432 49
0 430 286
1 481 436
0 319 440
0 321 266
1 314 396
0 446 301
1 93 454
1 82 189
1 191 136
1 444 563
1 172 423
1 278 115
1 144 441
1 151 555
1 348 141
0 321 237
0 526 553
1 291 272
0 227 304
1 567 436
1 174 370
0 26 343
1 522 194
1 531 377
0 205 172
1 34 394
0 546 502
1 33 109
1 388 340
1 391 541
0 243 511
1 169 77
1 368 558
1 296 77
0 418 296
1 231 338
1 93 137
1 518 147
1 426 42
1 523 30
0 546 5
1 282 310
1 222 216
1 523 54
0 472 180
1 510 399
1 410 399
0 159 240
1 151 468
1 39 496
1 473 472
0 310 35
1 186 190
0 481 113
1 108 391
1 213 517
1 354 168
0 167 186
1 410 391
1 346 198
1 68 442
0 137 168
1 337 21
1 95 480
0 7 352
0 514 331
1 16 133
1 448 553
1 497 386
1 431 232
0 73 506
0 57 274
1 404 486
0 35 405
1 172 149
1 366 574
1 575 535
1 23 205
0 71 508
1 523 287
0 270 261
1 334 344
1 562 537
1 10 283
1 44 441
1 21 4
1 496 487
1 38 429
1 498 161
1 338 554
1 521 63
1 12 289
1 389 238
1 121 310
1 374 168
1 351 399
1 467 235
1 146 120
1 209 323
0 401 188
0 139 212
1 104 49
1 419 127
0 116 443
1 470 501
1 226 241
1 290 266
0 263 88
0 534 540
1 535 481
0 437 91
1 533 204
0 304 388
0 356 103
1 455 210
0 208 197
1 327 573
0 217 272
1 121 470
0 516 262
0 299 473
1 119 531
1 492 563
1 400 29
1 78 238
1 286 306
1 170 101
1 18 483
0 219 337
1 94 361
1 185 557
1 382 266
1 29 65
1 307 238
1 115 95
1 282 179
1 384 59
0 459 202
0 554 219
0 335 68
1 53 424
0 380 428
1 174 190
0 288 311
1 403 459
1 456 573
1 462 502
1 59 468
0 539 32
1 156 82
1 449 176
1 51 210
0 260 107
1 456 141
1 164 169
0 133 241
0 420 177
1 92 2
1 350 96
0 174 395
1 369 27
1 23 19
1 11 445
1 314 506
1 172 13
1 92 211
0 400 339
1 320 293
1 110 104
1 155 439
1 568 501
0 384 111
0 63 568
1 563 352
1 309 336
1 120 65
1 231 55
1 27 31
1 465 13
0 171 508
1 61 396
1 16 277
0 170 42
1 434 282
1 479 1
1 89 466
0 336 116
1 413 26
1 337 196
0 494 488
1 562 198
0 245 369
1 406 175
1 216 478
1 439 22
1 454 219
0 14 67
1 557 192
0 27 283
1 550 400
1 277 184
0 402 134
1 160 372
1 515 395
0 28 352
1 479 538
0 127 204
0 459 561
1 298 139
0 51 246
1 427 101
1 82 315
0 181 352
1 53 57
1 64 261
1 529 180
1 469 561
0 547 424
1 19 295
1 283 23
1 386 392
1 295 187
1 451 130
0 36 522
0 17 140
0 549 147
0 189 330
1 217 542
0 479 431
1 44 543
0 40 171
0 45 559
0 143 33
1 418 428
1 122 550
