266 848
1 54 36
1 205 259
1 249 38
0 96 130
1 174 187
0 90 201
1 31 150
1 202 83
1 55 260
1 210 126
1 164 174
1 207 163
1 59 52
1 244 168
1 242 185
0 140 229
1 266 32
1 13 250
1 40 117
1 231 8
1 123 260
1 86 209
1 246 62
0 204 259
1 188 174
0 145 133
1 184 166
1 71 203
0 266 182
1 166 197
1 144 15
1 255 222
1 49 9
1 64 213
1 201 262
1 150 15
1 70 155
0 155 89
0 166 182
1 198 188
1 262 128
1 58 179
1 189 42
1 128 52
1 249 261
1 169 158
1 253 181
1 65 71
1 165 197
1 110 89
1 204 213
1 143 26
1 263 176
0 55 1
1 129 36
0 64 201
1 9 99
0 260 130
1 126 56
1 5 143
1 182 159
1 113 178
1 265 266
1 256 258
0 126 55
1 39 176
1 191 208
1 184 236
0 85 161
0 27 188
0 30 46
1 15 75
1 59 151
0 72 141
0 15 245
1 124 42
0 1 254
1 200 22
1 73 121
1 73 202
1 137 203
1 208 71
0 239 175
1 233 157
1 225 139
1 75 12
1 148 94
0 146 219
0 109 256
1 191 55
1 263 41
1 83 80
0 69 148
1 183 79
1 164 54
1 5 258
0 194 254
1 181 250
1 89 200
0 43 21
1 27 151
0 64 249
1 7 59
1 150 226
0 255 66
0 266 228
0 120 50
1 205 70
1 18 248
1 179 26
1 27 168
1 53 125
1 30 55
1 141 196
1 107 223
1 56 50
1 241 181
1 155 90
0 195 168
1 16 165
0 16 200
1 12 191
0 133 54
1 238 259
0 128 129
1 205 219
1 156 249
1 206 40
1 126 91
1 55 174
1 24 78
1 110 30
0 18 134
0 244 242
1 230 184
1 186 172
0 43 208
1 226 244
1 215 156
1 110 10
1 58 71
1 108 229
1 33 259
0 257 52
1 5 47
1 121 199
1 96 161
1 238 43
1 165 61
1 32 43
1 264 140
1 41 205
0 64 189
1 255 124
1 185 103
1 236 32
1 262 176
1 115 2
0 228 126
0 135 150
1 217 23
0 106 113
0 111 12
1 117 14
1 59 97
0 123 182
0 50 216
1 251 262
1 218 79
0 253 136
1 59 134
1 67 142
1 251 111
1 88 148
1 101 116
1 184 245
1 64 71
1 205 188
0 76 21
1 245 128
0 202 52
0 211 197
0 214 52
0 236 25
0 203 247
1 150 148
1 243 57
1 122 121
1 201 245
0 135 88
1 48 22
0 153 233
0 263 68
0 225 187
0 68 58
1 209 163
0 6 144
1 31 164
1 124 14
0 265 15
1 127 116
1 7 143
1 212 4
0 139 181
1 12 213
1 72 173
1 118 179
0 138 155
1 22 204
1 53 60
1 212 223
0 165 147
0 35 220
0 27 233
1 44 152
0 196 255
1 97 139
0 124 79
1 96 26
1 135 265
1 251 191
0 98 164
1 185 166
1 10 260
1 17 61
1 244 9
1 108 22
1 25 149
1 177 91
0 254 15
1 47 244
0 31 110
1 98 214
1 13 105
1 158 245
0 1 190
1 248 87
0 178 4
1 175 203
1 200 225
0 152 15
0 159 67
0 84 10
1 66 115
1 120 79
1 97 240
0 261 227
1 255 50
1 93 49
1 90 241
1 165 154
0 23 58
0 88 102
1 51 79
0 234 240
1 246 140
1 204 137
1 255 39
1 222 236
1 144 83
1 20 247
0 169 114
0 247 212
1 127 43
1 98 117
1 123 150
1 264 182
0 74 194
0 10 266
1 148 16
1 94 233
0 206 79
1 157 93
0 110 257
1 231 241
1 25 199
1 183 230
1 260 181
1 3 240
1 108 258
0 3 99
1 234 196
1 8 111
1 206 221
0 22 100
1 164 50
1 188 177
1 10 87
1 209 138
1 176 96
1 48 232
1 217 188
1 109 105
0 238 160
1 67 32
1 2 177
0 49 228
1 126 193
1 195 91
1 9 175
1 34 240
0 124 22
1 7 82
1 262 159
1 217 22
1 137 245
0 200 149
0 248 79
1 92 234
0 107 43
1 121 101
1 102 39
1 127 206
1 254 78
1 114 222
1 6 3
1 68 59
1 223 115
1 223 89
0 151 95
1 239 90
1 130 67
1 25 181
0 79 53
0 62 248
1 124 225
1 162 49
0 162 7
1 245 55
1 237 47
0 194 150
1 151 256
1 20 241
1 32 34
1 120 77
1 164 234
1 113 81
0 239 168
1 201 85
1 193 215
1 113 3
1 6 33
0 85 233
1 141 130
1 22 150
0 54 7
1 49 220
0 209 20
0 170 174
0 47 201
1 139 120
0 228 125
0 161 237
1 137 40
1 176 125
1 51 28
1 239 147
1 257 44
1 231 221
1 179 219
0 1 157
1 235 225
1 40 228
1 141 101
0 261 110
0 27 173
0 99 157
1 214 247
0 61 129
1 233 71
1 252 176
1 13 171
1 100 83
1 246 112
1 134 82
0 202 107
1 25 39
0 158 140
0 195 35
1 75 46
1 128 32
1 50 230
1 38 65
1 260 133
1 234 106
1 119 181
1 55 246
1 195 144
0 116 172
1 231 190
0 219 24
0 40 45
0 127 221
0 200 199
1 127 248
1 88 113
1 74 12
1 246 69
1 10 168
1 239 259
1 239 25
1 215 61
0 102 236
1 7 73
1 34 74
0 164 89
1 208 264
1 265 55
1 166 225
1 136 141
1 197 125
1 118 138
0 212 184
0 234 157
1 149 47
0 73 127
1 70 25
1 241 70
1 115 147
1 25 83
0 235 5
0 258 217
1 175 116
1 161 174
1 161 30
1 166 243
1 71 66
0 63 174
1 120 182
0 161 189
1 233 227
1 84 180
1 213 251
0 181 29
0 53 218
0 209 135
1 120 63
1 243 225
0 63 79
0 97 41
0 181 4
1 258 224
0 217 134
1 157 148
0 88 114
1 263 64
1 151 156
1 239 108
1 132 261
1 108 164
1 265 233
1 135 199
1 145 177
1 26 76
0 260 126
0 258 192
0 193 18
1 214 76
1 109 58
0 214 46
1 119 40
1 95 48
1 21 175
1 164 194
1 32 70
0 26 107
0 15 40
1 257 230
1 257 182
1 85 104
1 225 241
0 179 207
1 55 147
0 31 108
0 141 86
0 238 89
1 195 216
1 117 36
0 191 247
1 175 260
1 202 75
0 130 89
1 224 6
1 167 176
1 59 28
1 185 92
0 258 239
1 68 43
0 16 36
1 10 231
0 223 67
1 259 177
1 258 236
1 70 42
1 256 111
1 248 121
1 219 141
1 60 97
1 68 247
1 142 187
1 121 75
1 239 164
1 155 246
1 25 211
0 54 172
0 248 113
1 27 149
1 232 4
0 41 157
1 34 190
0 98 167
0 21 155
0 46 45
0 169 61
0 9 260
1 261 127
0 2 58
0 155 53
0 227 30
0 99 4
0 55 176
0 126 95
0 245 193
0 243 42
0 239 95
1 189 149
1 238 131
1 171 251
1 48 114
1 208 217
0 205 44
1 250 158
1 209 90
1 256 261
1 162 233
0 5 237
1 126 71
0 118 258
1 21 94
1 173 229
1 186 33
1 18 77
1 135 102
0 33 145
1 181 232
1 221 227
1 204 237
1 68 257
1 234 78
1 146 152
0 241 257
0 52 75
1 195 152
0 136 188
1 39 111
1 53 224
1 155 144
1 75 126
1 217 37
1 155 65
1 252 200
1 117 93
1 223 172
1 261 233
0 229 225
1 219 167
1 92 95
0 154 57
1 3 159
1 232 260
1 224 71
1 142 234
1 170 31
0 260 125
1 78 217
1 251 146
1 235 59
1 229 123
1 234 223
1 139 238
1 216 246
0 74 30
1 109 80
0 245 166
1 185 168
1 153 61
0 131 199
1 181 225
1 73 21
1 112 83
1 54 185
0 32 119
0 181 166
1 57 191
0 67 145
0 84 106
1 179 127
0 158 93
1 4 68
1 127 151
1 189 113
0 117 201
1 214 120
0 176 260
1 52 78
0 228 262
1 155 133
1 245 148
1 211 106
0 65 105
1 175 214
1 249 136
1 156 38
0 67 78
1 175 194
0 204 105
1 52 136
1 129 125
1 89 242
1 219 44
1 205 236
1 46 2
1 266 125
1 156 231
1 241 107
1 24 171
1 180 229
1 150 38
0 6 180
1 230 204
0 20 14
1 98 62
1 213 222
1 101 221
0 150 9
1 39 28
1 153 27
1 238 202
1 232 67
1 219 149
0 6 22
0 219 72
0 238 145
1 190 105
1 90 263
1 195 117
0 155 126
1 66 135
1 142 61
0 164 245
1 91 230
1 135 77
0 153 56
0 255 90
1 20 75
1 68 173
1 109 4
1 185 171
1 75 231
0 245 258
0 120 12
0 256 100
1 14 18
1 266 152
1 40 231
0 219 262
1 45 192
1 157 206
0 163 82
1 145 97
1 3 208
1 78 183
0 33 263
1 77 236
1 124 250
1 152 18
1 227 241
0 250 119
0 210 254
0 84 26
1 99 1
1 188 100
0 82 122
0 78 104
1 240 132
1 247 255
1 243 193
1 154 258
0 221 154
1 192 242
1 233 48
0 181 261
1 155 174
0 183 148
0 227 69
1 8 185
1 89 163
1 3 115
1 241 111
0 253 119
1 51 102
1 142 245
1 68 149
1 153 44
1 137 108
1 47 236
0 117 248
1 182 73
1 169 167
1 166 152
0 241 192
1 19 43
1 244 149
1 215 241
1 105 180
1 44 184
0 95 158
1 168 102
1 190 228
1 212 246
1 234 227
0 223 216
1 176 36
1 103 23
1 223 251
0 83 3
1 254 203
1 39 164
1 201 192
1 196 155
1 148 33
0 177 185
1 163 37
1 32 215
1 64 68
1 223 176
1 74 47
0 14 265
1 119 102
1 57 171
1 8 70
1 178 256
0 219 255
1 85 137
1 198 175
1 98 243
1 178 258
1 125 255
1 210 135
1 162 261
1 34 153
1 166 27
0 193 32
1 146 176
1 192 226
0 174 34
1 38 70
1 226 17
1 12 177
0 7 209
1 61 258
1 77 227
0 50 105
1 83 111
1 118 175
1 29 73
1 3 246
1 20 230
0 169 128
1 219 105
1 108 218
1 244 127
1 45 197
1 148 240
1 178 20
0 235 255
0 39 259
1 216 262
1 40 169
1 241 237
1 60 157
1 158 35
0 221 125
1 62 129
1 130 124
1 48 202
0 188 69
1 72 212
1 39 97
0 8 119
1 165 33
1 191 248
1 76 227
0 192 122
1 94 135
0 177 105
1 191 142
0 19 206
1 211 170
1 220 168
1 191 61
1 225 145
1 178 150
1 239 167
1 47 232
1 104 53
1 189 44
0 93 26
0 133 51
1 58 56
1 240 146
1 8 107
0 236 143
1 6 17
1 235 194
1 252 75
1 226 253
1 215 106
1 246 166
1 116 147
0 171 76
0 11 231
1 241 173
0 80 111
0 224 61
0 139 215
0 138 56
1 228 196
1 92 74
1 194 251
0 50 143
1 65 118
0 117 13
1 54 95
1 120 246
1 43 45
1 250 175
0 214 127
1 132 221
1 63 19
0 171 119
0 159 264
1 44 141
0 149 24
1 115 133
0 8 28
1 90 15
0 51 113
