832 67
1 570 525
1 525 236
1 236 805
1 805 429
1 429 90
1 90 360
1 360 111
1 111 719
1 719 487
1 487 732
1 732 149
1 149 379
1 379 592
1 592 682
1 682 509
1 509 717
1 717 154
1 154 292
1 292 226
1 226 498
1 498 830
1 830 279
1 279 185
1 185 806
1 806 56
1 56 278
1 278 539
1 539 580
1 580 585
1 585 254
1 254 194
1 194 211
1 211 663
1 663 170
1 170 124
1 124 387
1 387 518
1 518 335
1 335 142
1 142 206
1 206 265
1 265 500
1 500 678
1 678 252
1 252 183
1 183 543
1 543 700
1 700 820
1 820 823
1 823 818
1 818 411
1 411 754
1 754 623
1 623 356
1 356 642
1 642 464
1 464 205
1 205 641
1 641 31
1 31 137
1 137 317
1 317 6
1 6 278
1 278 102
1 102 827
1 827 551
1 551 720
1 720 192
1 192 214
1 214 196
1 196 68
1 68 629
1 629 157
1 157 577
1 577 628
1 628 491
1 491 635
1 635 281
1 281 316
1 316 459
1 459 79
1 79 747
1 747 381
1 381 185
1 185 405
1 405 179
1 179 758
1 758 573
1 573 215
1 215 421
1 421 156
1 156 154
1 154 641
1 641 619
1 619 679
1 679 791
1 791 393
1 393 135
1 135 268
1 268 753
1 753 514
1 514 654
1 654 444
1 444 451
1 451 138
1 138 512
1 512 138
1 138 781
1 781 65
1 65 375
1 375 208
1 208 242
1 242 737
1 737 226
1 226 755
1 755 664
1 664 739
1 739 492
1 492 630
1 630 428
1 428 393
1 393 403
1 403 77
1 77 345
1 345 689
1 689 247
1 247 307
1 307 18
1 18 778
1 778 290
1 290 167
1 167 75
1 75 458
1 458 660
1 660 417
1 417 781
1 781 545
1 545 682
1 682 254
1 254 679
1 679 345
1 345 451
1 451 145
1 145 774
1 774 193
1 193 700
1 700 220
1 220 459
1 459 210
1 210 332
1 332 213
1 213 662
1 662 373
1 373 411
1 411 623
1 623 768
1 768 663
1 663 233
1 233 415
1 415 120
1 120 588
1 588 307
1 307 468
1 468 370
1 370 227
1 227 516
1 516 788
1 788 107
1 107 297
1 297 702
1 702 615
1 615 346
1 346 405
1 405 712
1 712 324
1 324 448
1 448 115
1 115 52
1 52 559
1 559 490
1 490 572
1 572 205
1 205 279
1 279 508
1 508 811
1 811 825
1 825 647
1 647 664
1 664 477
1 477 394
1 394 290
1 290 706
1 706 550
1 550 155
1 155 779
1 779 353
1 353 146
1 146 124
1 124 229
1 229 333
1 333 416
1 416 782
1 782 766
1 766 355
1 355 440
1 440 44
1 44 757
1 757 350
1 350 159
1 159 158
1 158 76
1 76 635
1 635 11
1 11 824
1 824 463
1 463 434
1 434 329
1 329 776
1 776 618
1 618 642
1 642 159
1 159 498
1 498 562
1 562 307
1 307 299
1 299 744
1 744 611
1 611 459
1 459 471
1 471 584
1 584 752
1 752 391
1 391 752
1 752 668
1 668 427
1 427 785
1 785 322
1 322 147
1 147 219
1 219 185
1 185 722
1 722 770
1 770 579
1 579 654
1 654 749
1 749 30
1 30 180
1 180 654
1 654 212
1 212 774
1 774 257
1 257 648
1 648 697
1 697 179
1 179 599
1 599 103
1 103 756
1 756 383
1 383 620
1 620 492
1 492 310
1 310 294
1 294 350
1 350 258
1 258 411
1 411 430
1 430 614
1 614 135
1 135 814
1 814 446
1 446 714
1 714 129
1 129 709
1 709 7
1 7 30
1 30 499
1 499 400
1 400 292
1 292 377
1 377 783
1 783 66
1 66 234
1 234 769
1 769 699
1 699 61
1 61 401
1 401 386
1 386 590
1 590 594
1 594 465
1 465 679
1 679 16
1 16 188
1 188 550
1 550 483
1 483 174
1 174 633
1 633 330
1 330 234
1 234 557
1 557 25
1 25 826
1 826 397
1 397 734
1 734 570
