230 991
0 203 134
0 110 199
0 172 179
0 191 20
0 16 188
1 162 147
1 119 72
1 42 2
1 66 51
0 161 150
1 121 148
0 229 93
1 77 38
1 163 199
1 93 4
1 196 55
1 217 26
1 2 201
1 121 55
1 185 180
1 147 136
1 129 111
1 121 54
1 12 118
1 83 156
1 85 51
1 2 171
1 119 112
1 34 6
1 37 168
0 15 143
1 229 159
0 50 196
1 130 229
1 115 200
1 30 184
0 124 71
1 220 226
0 89 108
0 224 168
0 33 26
1 66 221
1 64 137
1 45 177
1 89 65
0 140 125
1 98 191
1 184 186
1 222 80
1 63 119
1 110 45
1 167 216
0 91 192
1 183 79
1 25 44
1 98 14
1 126 5
0 47 34
0 158 15
1 82 93
0 8 214
0 221 35
1 174 126
1 139 26
0 210 223
0 42 13
0 2 172
1 123 224
1 208 48
1 122 183
1 226 44
1 146 115
1 223 69
1 198 50
1 16 83
1 201 98
0 127 218
0 181 66
1 117 143
1 142 127
1 176 226
1 111 43
1 71 222
1 62 34
1 211 201
1 40 22
1 144 171
1 10 191
0 101 156
1 190 208
1 188 159
1 184 76
1 230 13
1 199 82
1 94 40
0 184 64
1 177 136
1 199 41
1 67 152
0 59 200
1 113 157
1 156 218
1 192 78
0 187 1
1 54 128
1 119 181
1 176 26
1 136 181
1 6 199
1 158 114
1 12 116
1 144 104
0 216 70
1 42 152
0 191 100
1 40 35
0 96 178
1 105 177
1 72 139
0 153 215
0 98 92
1 32 220
1 210 131
0 14 195
1 212 10
1 33 212
0 150 66
1 158 41
0 90 68
1 55 61
1 212 78
0 63 199
0 60 33
0 214 227
1 149 110
0 41 103
1 2 223
1 212 137
1 110 141
1 167 17
1 122 159
1 197 45
1 222 196
1 120 224
0 50 136
0 72 168
0 166 28
1 220 13
1 40 162
0 152 26
0 25 1
1 207 53
1 122 23
0 81 173
1 48 172
0 115 135
1 25 68
1 89 58
1 138 22
1 171 146
1 213 4
1 81 114
0 15 63
1 90 189
1 27 222
0 57 185
1 82 151
1 228 67
1 201 46
0 95 60
1 19 168
0 101 168
0 187 55
1 204 106
0 50 16
1 107 156
1 182 10
0 126 42
1 132 225
1 7 182
1 148 123
0 21 17
0 100 15
0 86 188
1 35 223
0 63 175
1 187 23
1 87 59
0 172 95
0 41 118
1 58 164
1 34 118
0 36 180
1 11 21
1 185 24
0 80 35
1 46 185
1 136 19
1 43 207
1 210 32
0 219 116
1 167 89
1 7 43
1 162 60
1 28 43
1 216 89
1 223 145
1 3 54
1 212 22
0 167 53
1 204 193
1 222 34
1 223 180
1 65 93
1 110 197
0 33 105
1 169 26
0 184 75
1 82 187
1 140 181
1 104 115
1 204 14
1 94 228
1 203 219
1 18 72
1 74 63
1 111 126
1 215 207
0 166 156
1 165 142
0 179 17
1 180 51
1 21 4
0 181 151
1 163 190
1 85 195
1 217 87
1 90 19
1 198 90
1 116 159
1 154 141
0 121 101
1 187 91
1 115 30
1 10 20
1 186 102
1 87 199
1 24 164
1 66 127
1 19 12
1 85 181
1 203 49
1 202 222
1 110 103
1 8 121
1 200 113
1 106 194
1 142 113
0 159 113
1 203 159
1 77 198
1 74 135
1 107 1
1 142 2
1 189 132
1 87 116
1 45 18
1 227 223
1 103 9
0 118 26
1 12 145
0 153 13
1 80 184
1 167 154
1 63 174
0 198 33
1 127 208
1 32 218
1 211 212
1 194 68
1 104 1
1 95 5
1 99 177
1 41 70
1 120 230
1 157 136
0 42 216
1 74 147
0 79 47
0 44 152
1 182 216
0 110 120
0 181 24
1 1 114
0 194 139
0 109 220
1 179 226
0 38 24
1 3 52
1 73 68
0 156 85
0 171 64
1 143 178
1 114 17
1 3 192
1 62 74
0 86 23
0 72 140
1 189 129
1 1 144
1 142 207
1 221 229
1 210 18
0 127 187
1 10 75
0 173 17
0 64 108
1 203 208
1 31 10
1 149 129
1 129 171
1 182 98
1 130 93
1 115 8
0 54 139
1 73 103
1 100 33
0 188 91
1 67 119
1 194 7
1 121 112
0 132 148
1 125 154
0 137 49
1 25 127
0 81 66
1 69 162
1 15 164
0 182 140
0 206 117
1 86 169
1 124 96
1 200 148
1 64 208
1 146 206
0 151 207
1 124 198
1 58 4
1 202 108
1 83 219
1 40 92
1 143 61
1 183 93
0 9 213
1 188 24
1 116 209
0 71 170
1 197 198
0 135 85
1 15 192
1 127 80
1 9 120
1 10 61
1 2 227
1 91 95
1 217 218
1 170 107
1 79 84
1 121 153
1 91 131
1 179 80
0 100 62
1 45 87
1 108 32
0 27 220
1 43 187
0 167 54
1 88 108
1 97 35
1 220 145
1 35 61
1 91 218
1 115 121
1 202 154
1 174 156
1 126 104
1 131 95
1 169 1
1 153 90
1 131 164
1 109 25
1 157 82
1 187 189
1 168 100
1 164 161
0 160 116
1 184 152
1 123 3
0 58 106
1 172 129
0 68 148
1 56 79
1 204 101
0 144 81
1 220 176
1 178 124
1 109 125
1 34 5
1 164 175
0 145 204
1 127 63
1 87 100
0 203 206
0 13 163
1 51 143
1 220 74
0 166 50
1 158 30
1 97 114
1 54 171
1 123 10
1 198 110
1 127 179
0 94 183
0 153 165
1 10 155
0 37 23
1 38 137
1 150 50
1 88 75
0 59 182
1 144 174
0 138 55
1 140 138
0 55 195
1 213 226
1 193 49
0 213 164
1 191 63
1 202 20
1 84 83
1 155 163
1 216 84
0 162 16
1 95 25
1 41 176
1 112 71
1 111 94
1 97 227
1 90 159
1 32 198
1 39 89
1 181 89
1 64 201
1 211 123
1 151 161
1 177 43
0 75 192
1 122 132
1 199 11
1 216 161
1 60 103
1 155 110
0 62 109
1 73 230
0 47 46
1 107 222
1 34 55
0 125 199
0 82 35
1 166 226
1 124 50
1 62 26
1 60 94
1 78 188
0 184 208
0 145 146
0 195 154
0 133 111
1 109 26
1 159 183
0 212 202
0 205 168
1 1 88
1 207 136
0 197 153
1 61 207
0 7 61
1 77 123
1 200 225
0 55 155
1 42 58
1 55 101
0 146 230
1 199 218
1 16 143
0 55 1
1 109 161
1 163 60
1 48 136
0 228 135
1 64 93
0 51 90
0 62 175
0 92 157
0 47 29
0 62 61
1 203 161
1 200 8
0 70 67
1 137 108
1 199 157
1 133 230
1 40 55
0 141 155
1 40 42
1 179 229
1 93 45
1 187 206
1 81 76
1 52 58
0 155 17
1 99 190
1 87 31
1 214 78
1 77 187
1 66 173
0 12 106
1 214 86
0 53 24
1 186 35
1 83 114
1 44 33
0 213 56
1 227 49
0 107 155
0 135 35
1 117 56
1 191 201
0 126 172
1 219 159
1 121 53
0 137 86
1 149 204
0 215 127
1 87 42
0 125 51
1 210 116
1 33 135
1 42 119
1 33 209
1 118 77
0 221 20
0 59 155
1 168 42
0 170 4
0 157 219
1 142 49
1 100 135
1 96 184
1 126 131
1 87 132
0 213 121
1 194 147
0 53 7
1 207 114
1 21 49
1 143 39
0 77 15
1 69 31
1 86 48
1 175 203
0 65 34
1 74 176
0 101 30
1 8 226
0 190 12
1 119 167
1 191 147
1 92 152
0 127 211
1 214 134
1 44 176
1 196 116
1 134 159
1 74 197
0 179 208
1 73 11
1 39 95
1 31 218
0 186 136
1 153 124
0 128 59
1 150 18
1 47 90
1 110 221
1 12 208
1 44 180
1 179 160
1 195 38
1 71 159
1 222 67
1 175 38
1 24 222
1 70 215
0 135 57
1 102 15
1 92 153
0 157 20
1 179 109
0 13 184
0 134 195
1 107 37
1 156 154
1 183 47
1 33 28
1 46 69
1 162 210
0 100 47
1 156 121
1 16 75
1 60 64
0 51 77
0 195 197
1 153 175
1 182 220
0 26 34
1 125 208
1 202 60
1 128 198
1 151 192
1 199 191
0 160 57
1 164 56
1 29 4
1 104 101
1 92 137
1 108 77
0 92 28
1 222 229
1 29 7
1 118 48
1 186 100
0 42 73
1 52 198
1 18 58
1 91 14
1 132 205
0 91 89
0 200 52
1 101 226
1 229 26
1 219 162
1 34 100
1 151 164
0 147 154
1 114 194
1 54 199
1 45 168
0 108 62
0 129 67
0 32 27
1 152 193
1 73 47
0 176 140
1 27 16
1 228 64
1 93 132
0 22 18
0 140 110
1 71 21
0 48 226
1 229 8
1 97 162
1 81 105
1 126 205
0 143 12
1 153 136
0 158 149
1 164 125
0 190 3
1 11 206
0 135 199
1 41 160
1 13 188
1 59 3
1 201 11
1 36 154
0 103 161
1 217 48
0 109 100
1 182 114
1 201 77
1 169 221
0 99 15
1 69 127
1 41 62
0 166 61
0 37 13
1 213 113
1 82 208
0 219 212
1 208 212
1 151 229
1 205 180
1 123 126
1 39 70
1 181 145
1 51 123
1 48 175
0 145 167
1 46 122
1 42 31
0 110 102
1 115 89
0 68 82
1 186 203
0 147 116
1 151 68
0 2 74
1 174 106
1 79 214
1 194 192
1 83 51
1 43 91
1 196 41
0 137 130
1 45 189
1 164 228
0 182 168
1 59 17
0 19 117
0 111 29
0 71 100
1 150 123
1 84 15
1 45 79
1 134 204
1 156 165
1 177 71
0 30 63
1 81 220
1 212 169
1 166 167
0 118 23
1 124 123
1 207 190
1 220 99
0 28 50
1 54 72
1 180 179
1 22 110
0 17 210
0 125 22
1 186 88
1 179 194
1 204 78
1 120 77
1 138 196
1 91 214
1 226 2
1 141 218
1 212 168
1 45 90
1 13 98
1 47 60
1 33 144
0 197 203
0 98 143
1 157 44
0 46 224
1 163 11
1 72 197
0 152 174
1 34 83
1 132 200
1 159 68
1 174 6
1 228 136
0 222 52
0 196 23
1 125 34
1 180 147
1 180 95
1 164 74
1 142 42
0 158 85
0 169 125
0 183 142
1 220 54
0 169 37
1 159 182
1 65 17
1 217 125
1 112 150
1 28 168
0 169 148
1 173 163
1 65 115
0 104 200
1 35 75
1 59 106
1 96 95
0 82 203
1 39 205
1 107 45
1 179 154
0 13 109
1 87 159
0 128 89
1 42 146
1 12 38
1 135 88
1 70 155
0 112 81
0 80 142
1 208 186
0 188 52
0 14 90
1 174 25
0 41 174
1 28 54
1 145 150
1 154 72
1 44 61
1 91 199
1 129 131
1 201 205
1 31 145
1 181 226
0 5 180
1 6 177
1 38 206
0 207 13
0 101 48
1 130 215
1 19 174
0 115 105
1 165 101
0 51 79
1 142 188
1 70 156
1 229 16
0 176 216
1 18 219
1 132 73
0 15 109
1 122 67
1 96 214
0 92 133
1 125 171
1 23 128
1 128 192
1 8 203
1 68 144
1 70 187
0 9 82
0 38 60
1 19 17
1 1 64
1 134 12
1 95 16
1 12 103
0 181 217
0 72 33
1 105 52
0 170 56
0 55 156
1 209 85
1 225 224
1 95 200
1 173 186
1 179 97
1 7 73
1 214 4
0 29 13
0 225 52
1 14 139
0 62 206
0 120 85
0 153 78
0 55 38
1 80 75
1 153 99
0 149 191
1 174 4
1 160 10
0 179 115
1 101 125
0 9 20
1 6 131
1 13 191
1 126 157
0 80 33
0 49 155
1 39 155
0 221 17
1 168 221
1 81 113
1 124 36
0 222 155
1 36 15
1 4 195
1 25 97
0 172 5
1 40 142
1 74 213
0 2 90
0 22 13
1 87 81
1 153 61
1 82 113
1 198 194
0 32 75
1 49 80
1 86 222
0 19 161
1 172 202
0 120 131
0 75 210
1 47 208
1 64 206
0 183 20
1 138 216
0 1 174
1 19 48
1 116 15
1 94 16
1 161 168
0 199 117
1 146 163
0 165 180
0 226 65
0 89 170
1 126 147
1 206 19
0 164 124
1 115 201
1 11 28
0 224 103
0 60 154
0 44 193
1 200 116
1 14 113
0 166 88
0 100 44
0 147 6
1 225 209
1 74 30
1 50 1
0 190 174
1 33 52
1 52 16
1 50 162
0 101 188
1 155 67
1 114 180
1 17 12
0 39 167
1 89 73
0 229 48
1 98 155
1 125 210
1 12 50
0 141 63
0 224 91
0 47 207
0 154 206
0 175 85
1 167 25
0 141 19
1 77 163
1 209 123
1 140 190
1 107 33
1 164 43
0 147 123
1 208 19
1 9 175
1 147 99
1 81 125
1 39 58
1 99 103
1 56 223
0 89 101
1 14 152
1 22 211
1 197 219
1 187 207
0 111 119
1 115 141
