410 555
1 143 355
1 408 78
1 219 367
0 332 131
0 8 239
1 359 320
0 297 354
1 249 88
0 44 358
0 52 216
1 144 177
1 269 271
1 15 204
1 61 350
1 354 299
1 235 366
1 36 130
1 410 137
1 263 106
1 73 99
0 263 399
1 186 180
0 157 117
0 128 323
1 278 188
1 276 368
1 195 126
0 286 265
1 84 304
1 130 110
1 245 356
1 204 129
0 189 283
1 261 264
1 289 23
0 39 86
1 235 334
1 257 101
1 303 45
0 51 100
0 102 401
0 286 206
0 225 370
1 31 48
0 317 241
1 335 73
0 138 139
1 398 263
1 266 288
1 114 153
1 64 410
1 183 341
0 211 384
1 258 44
1 151 288
1 210 387
0 151 69
1 165 394
1 340 66
0 78 290
1 50 329
1 140 389
1 164 252
1 294 178
1 18 198
0 329 392
0 196 72
0 61 317
0 119 161
1 188 280
1 327 100
1 212 203
1 399 91
0 111 263
1 100 92
1 262 297
1 173 359
0 268 255
1 6 355
1 214 65
1 239 370
1 86 129
0 276 202
1 97 90
1 92 403
1 195 30
1 110 349
1 114 206
0 256 327
1 321 158
1 359 362
0 256 216
0 81 138
0 73 384
0 21 322
0 406 77
1 180 31
1 147 217
1 101 406
0 392 352
1 237 352
0 23 377
1 219 92
0 162 384
0 270 165
0 175 138
1 299 285
1 324 72
1 32 128
1 225 321
1 321 250
1 274 125
1 370 280
1 199 110
0 219 297
0 256 225
1 144 343
0 333 326
0 26 410
1 84 69
1 155 378
0 27 372
1 330 14
1 349 336
0 408 405
1 194 121
0 109 184
1 252 275
1 58 67
1 130 111
1 332 299
1 233 331
0 28 292
1 238 241
1 231 6
1 122 3
1 234 250
1 404 204
1 24 133
1 167 152
0 250 190
0 209 156
1 277 38
1 124 372
0 52 53
1 360 381
1 382 144
0 18 351
0 390 294
0 304 31
0 329 117
0 274 388
1 71 388
1 230 81
1 46 142
1 369 101
1 363 72
1 161 305
0 258 358
0 48 301
1 201 242
1 91 376
1 112 40
1 380 151
1 26 92
1 180 17
1 184 86
1 141 97
1 140 124
0 193 71
1 17 167
1 100 61
0 104 229
0 396 51
1 188 237
0 186 279
1 323 122
1 260 376
1 324 367
1 356 7
1 400 257
0 68 151
1 11 384
0 132 20
1 151 59
1 249 383
1 194 181
1 94 405
1 41 78
1 362 208
1 44 375
0 80 73
0 336 348
0 288 103
1 85 188
1 71 62
1 183 364
1 349 352
0 166 47
0 173 50
1 379 128
0 388 16
1 9 273
0 329 94
1 173 30
0 270 329
1 374 203
1 89 134
0 37 236
0 388 374
1 158 185
0 151 292
0 177 321
1 154 39
1 325 98
1 75 319
1 186 306
1 119 304
1 234 15
1 21 211
1 197 225
1 92 357
0 232 241
0 315 359
0 203 189
1 86 326
1 246 149
0 109 21
1 338 354
1 56 271
0 371 330
1 352 163
0 130 381
0 149 107
1 217 179
1 229 274
1 376 94
1 324 68
1 403 250
1 358 118
0 195 16
1 5 339
1 384 284
1 43 108
1 103 410
1 236 288
1 168 206
0 111 306
0 93 43
1 297 204
0 381 338
1 248 241
1 210 140
1 226 221
1 313 20
0 81 165
1 166 281
1 151 146
0 193 307
1 280 292
0 125 357
1 141 209
1 319 344
1 71 25
1 91 87
0 285 173
1 70 282
1 374 136
1 248 324
1 361 363
0 354 289
1 74 354
0 153 235
1 399 157
1 187 193
1 47 167
1 135 51
1 276 139
1 283 126
0 52 351
1 160 75
1 125 369
1 99 61
0 61 164
1 31 300
1 270 296
1 40 195
0 301 282
0 393 405
0 44 315
0 53 69
1 265 370
0 310 97
1 149 254
0 116 218
1 141 355
1 348 52
1 76 105
1 27 218
1 143 407
1 32 182
1 30 28
0 290 168
1 259 23
0 342 333
1 64 207
1 285 42
0 110 170
0 180 40
1 308 53
0 131 208
0 151 394
0 120 314
0 327 193
1 5 261
1 387 56
0 329 105
1 94 171
0 387 10
1 247 397
1 38 193
1 280 303
1 277 212
1 232 149
1 349 406
0 15 23
1 393 221
0 341 345
1 177 370
1 219 243
1 120 247
0 75 274
1 312 240
0 346 22
0 396 193
1 307 116
1 9 308
1 124 212
1 337 226
0 300 330
1 379 9
1 318 102
0 85 201
1 340 259
1 210 377
1 308 125
1 101 236
0 21 393
1 158 26
0 250 222
0 50 252
1 368 349
1 231 125
1 154 130
1 262 252
1 5 180
0 14 231
1 167 255
1 208 260
0 196 281
0 90 268
1 244 310
1 175 95
0 369 299
0 268 112
0 236 46
1 159 262
1 346 333
1 314 207
0 148 100
1 225 267
1 277 161
1 275 391
1 71 367
1 130 138
1 395 396
1 11 90
1 211 138
1 335 57
1 219 226
1 395 359
0 244 311
1 63 407
1 171 221
0 249 1
1 189 193
0 297 186
0 319 43
1 391 182
1 112 186
0 7 251
0 148 103
0 387 183
1 391 269
0 326 3
1 167 275
1 170 338
1 295 212
0 103 374
1 295 86
1 166 199
1 100 360
0 221 290
1 199 172
1 312 166
1 151 255
1 184 281
0 206 66
1 284 44
1 92 402
1 226 355
1 95 16
1 80 123
0 290 107
1 162 394
1 119 188
1 290 113
1 45 329
1 182 388
0 41 319
0 131 112
1 327 131
1 74 60
0 169 212
1 262 28
0 84 180
1 378 61
1 383 330
1 102 121
1 303 209
1 237 143
0 362 32
1 152 50
1 14 285
1 202 150
1 191 61
1 136 151
1 276 142
1 179 115
1 68 136
1 254 30
0 275 125
1 229 394
0 131 30
0 333 113
0 42 162
1 111 159
0 125 219
1 313 261
0 245 218
1 245 207
0 321 40
1 249 176
0 75 162
0 100 212
0 62 334
1 7 41
1 78 161
0 267 49
1 22 272
1 70 372
1 76 401
1 231 196
1 247 299
1 276 87
1 398 410
1 328 172
1 96 122
1 122 303
1 298 410
1 224 200
1 21 398
0 95 139
1 335 186
0 320 26
1 402 337
1 8 158
1 9 90
0 409 107
1 103 54
1 35 376
0 190 366
1 296 249
1 233 11
1 64 235
1 176 295
1 279 233
1 281 51
0 238 215
0 90 122
1 397 85
1 337 349
1 194 329
1 113 252
1 264 24
1 198 69
1 382 389
1 109 32
1 409 134
0 133 47
0 273 371
1 287 325
1 227 391
1 131 44
0 338 375
1 226 131
1 146 223
0 50 26
0 50 13
1 148 47
1 308 149
0 63 373
1 203 79
1 316 128
1 163 85
1 229 221
1 6 351
1 365 94
1 59 192
1 50 287
1 271 141
1 64 249
1 315 272
1 126 41
1 120 338
0 40 204
0 102 352
0 1 57
1 372 149
1 111 270
1 134 25
1 143 22
0 361 292
1 209 2
0 241 346
1 153 293
1 149 200
1 115 129
0 79 35
1 300 379
0 379 213
0 312 251
0 281 148
0 110 319
0 187 117
1 335 19
0 273 161
1 216 231
0 38 177
1 369 306
1 222 322
1 152 32
0 326 321
0 10 311
1 251 97
