540 254
1 221 294
0 423 96
1 458 358
1 367 437
1 329 484
1 37 397
0 63 45
1 316 369
0 267 435
0 504 112
1 392 242
0 511 90
1 355 400
1 383 186
1 168 130
1 301 339
1 127 528
0 347 491
1 216 519
1 185 521
1 211 96
1 446 530
0 133 185
1 425 98
1 310 417
0 472 415
1 386 76
1 83 170
1 162 264
0 35 357
1 214 140
1 290 370
1 504 310
0 430 404
1 437 298
1 326 59
1 533 239
1 206 131
1 437 372
0 401 436
1 341 524
1 489 440
1 79 47
1 255 116
1 179 484
1 10 65
0 406 223
0 301 176
1 476 451
1 314 405
0 161 72
1 105 482
0 97 39
1 141 473
1 22 223
1 162 244
1 135 193
1 527 92
0 190 264
0 236 521
1 465 255
1 283 189
1 190 447
1 146 297
1 398 220
1 427 370
1 281 477
1 8 177
1 524 391
1 417 421
1 441 296
1 372 171
1 58 433
1 329 104
1 150 220
1 405 336
1 169 533
1 290 89
1 446 66
0 168 495
0 237 187
1 20 33
1 181 43
1 540 496
1 485 174
1 353 69
0 357 132
1 375 63
1 271 317
1 520 473
1 257 275
1 486 110
1 294 48
1 403 119
0 238 6
1 293 350
0 458 70
0 24 72
0 325 415
1 17 376
1 534 485
0 180 61
1 203 121
1 276 309
1 98 515
1 328 134
1 380 521
1 228 134
1 342 28
1 421 313
1 100 38
1 465 151
1 218 95
1 395 46
0 141 225
1 351 285
1 389 157
1 56 112
0 309 218
0 9 275
1 279 101
0 167 416
1 262 54
1 451 423
0 478 78
0 391 62
0 514 69
1 226 525
1 482 246
1 11 81
0 320 62
1 56 49
1 380 307
0 342 512
1 214 242
1 64 153
1 224 288
1 267 305
1 501 16
1 398 90
1 175 42
1 187 518
1 316 32
0 227 149
1 466 85
0 286 526
1 145 184
1 488 323
1 398 284
0 123 16
1 453 166
1 70 272
1 253 294
1 289 5
1 534 404
0 179 322
1 446 206
1 383 170
1 244 485
1 442 385
1 139 62
1 119 237
1 255 418
1 83 125
0 288 432
1 23 379
1 259 342
1 54 168
1 462 466
1 229 129
0 258 205
0 189 182
0 388 205
1 104 302
0 289 191
1 515 209
1 156 368
1 18 221
1 383 489
1 363 345
1 383 538
1 101 443
1 507 192
1 378 137
1 279 165
1 444 338
0 436 335
1 348 180
1 367 12
0 477 94
0 349 242
0 439 207
1 424 373
1 380 428
1 242 437
1 269 302
1 229 220
1 425 266
1 269 463
0 56 54
1 63 242
1 497 402
1 106 171
0 330 123
0 240 423
1 137 431
0 211 32
1 232 7
1 534 102
0 46 498
1 122 425
1 480 465
1 447 54
1 138 10
0 235 457
1 282 228
1 251 434
1 382 254
0 163 266
1 503 417
0 89 358
1 414 260
1 122 104
1 21 130
1 387 326
1 281 43
1 518 23
1 46 51
1 126 192
1 532 52
0 135 177
1 309 502
1 533 536
1 403 57
0 52 78
1 501 199
1 512 261
1 483 479
1 255 400
0 515 159
1 466 365
0 419 235
0 22 323
1 175 184
0 147 248
1 425 300
1 141 475
1 335 98
1 86 341
1 239 372
0 121 57
1 308 403
0 229 46
0 234 518
