594 648
1 245 216
1 193 379
1 106 343
1 369 399
1 391 547
1 188 506
0 421 38
1 187 56
1 288 450
1 393 409
0 162 530
1 14 63
1 291 418
0 279 498
0 132 407
1 553 5
1 42 70
1 352 226
1 123 444
1 195 476
0 13 536
1 525 38
1 274 34
1 451 326
1 393 144
0 441 388
0 31 151
1 458 159
0 271 279
1 172 332
1 187 373
1 198 566
0 184 442
0 519 38
0 541 470
0 52 374
1 178 559
1 193 398
1 514 404
0 140 132
0 325 117
1 420 144
1 375 191
1 431 68
0 530 531
0 292 5
0 364 20
1 383 128
1 253 20
0 473 498
1 240 589
1 199 516
1 494 515
1 193 558
1 238 119
0 396 260
0 557 128
0 325 74
1 321 178
1 509 215
1 449 182
1 204 498
1 109 302
1 419 22
0 557 444
1 206 29
0 335 260
1 13 513
1 255 36
1 514 147
1 432 90
1 561 4
0 282 561
1 219 435
0 210 522
0 158 432
0 159 144
0 348 342
1 349 181
1 82 427
1 539 547
0 359 174
0 506 175
1 58 89
0 34 50
0 217 530
0 546 163
0 495 151
0 205 298
0 163 27
0 566 139
1 440 442
1 539 251
1 34 359
1 250 241
1 176 396
1 282 16
0 460 593
1 451 55
1 361 379
1 464 544
1 436 178
1 545 106
1 339 578
0 258 484
1 213 450
1 134 425
0 524 152
0 172 306
1 97 389
0 501 7
1 366 401
1 112 40
1 404 301
1 323 36
1 429 367
0 209 49
1 449 295
0 591 114
1 515 101
1 415 300
0 43 301
1 247 299
1 137 206
0 562 7
1 437 594
0 227 207
0 452 574
0 221 116
1 517 202
1 411 312
1 321 149
0 312 366
1 56 332
1 483 565
0 23 512
1 240 468
1 65 507
1 155 544
1 120 565
1 359 264
1 58 90
0 207 158
0 140 554
1 38 482
0 546 524
1 96 185
1 275 372
0 316 473
1 389 91
1 552 205
0 579 258
1 305 277
1 9 408
1 183 278
1 203 226
0 168 262
0 241 12
0 51 514
1 477 300
0 562 576
0 406 383
1 118 476
1 217 370
1 337 459
1 314 38
0 130 89
1 171 326
1 262 517
1 514 34
1 364 139
0 10 574
0 301 194
0 589 164
0 426 23
1 260 268
1 521 193
1 168 394
1 570 57
1 143 233
1 352 572
0 352 590
0 361 328
1 427 463
1 538 532
1 346 228
0 522 405
1 126 166
0 102 555
1 413 71
1 138 546
0 166 564
1 572 119
1 565 210
1 484 47
1 119 91
1 381 460
1 359 258
1 430 593
0 340 587
1 590 107
0 209 283
0 198 533
0 514 271
0 550 484
0 40 371
0 200 360
1 544 212
1 308 254
1 191 486
0 155 142
1 8 436
1 364 459
1 376 395
0 307 297
1 544 3
1 266 197
0 449 479
1 419 492
0 279 302
1 289 336
1 273 262
1 536 498
0 96 350
1 352 135
1 170 373
0 392 339
0 256 567
0 52 129
1 399 201
0 1 164
0 183 188
0 486 484
1 214 439
1 325 463
1 267 84
1 343 307
1 458 82
0 209 347
1 69 42
1 302 180
1 177 304
0 160 193
1 238 442
1 174 447
1 231 371
1 22 520
1 275 197
1 436 441
1 99 71
0 162 130
1 149 71
1 188 256
1 155 441
1 456 466
0 327 367
1 276 63
0 140 164
0 277 512
1 64 12
0 95 526
1 343 188
0 53 367
1 73 133
1 301 302
0 140 464
1 393 493
0 415 543
1 109 216
0 260 490
1 553 160
1 148 108
1 199 186
1 7 22
1 373 571
1 70 551
1 315 507
0 124 139
1 533 166
1 203 288
1 224 313
0 259 386
0 22 125
1 355 345
0 522 204
0 243 376
0 488 355
0 308 214
0 419 277
1 133 154
1 403 69
1 95 482
1 522 527
1 312 489
1 543 110
1 163 374
1 59 361
1 589 439
1 434 424
1 69 78
1 525 31
1 45 191
0 270 122
0 364 465
1 535 506
0 56 432
1 181 64
0 142 26
1 369 286
1 427 336
0 155 157
1 73 502
1 408 537
1 98 272
1 262 426
1 268 545
1 332 337
0 547 592
1 82 559
0 333 553
1 134 571
1 187 73
1 365 342
1 295 416
1 198 268
1 425 358
0 443 549
0 146 119
0 223 561
1 448 482
1 228 324
1 237 405
1 471 160
1 574 35
1 508 522
1 574 170
1 3 89
1 559 326
1 407 354
1 90 101
0 325 358
0 403 33
1 582 148
1 237 346
1 375 33
0 282 166
1 353 513
1 232 100
1 158 261
1 378 366
1 203 256
1 326 452
0 593 91
1 21 142
1 439 242
0 69 390
1 384 165
1 247 481
0 390 397
1 11 17
1 155 408
1 490 123
0 60 564
1 280 56
1 114 165
0 28 580
1 437 478
1 125 161
0 396 1
1 359 97
1 427 188
1 334 25
0 409 270
1 100 137
1 461 144
1 348 222
0 151 579
1 25 20
1 38 514
1 532 287
1 123 101
1 536 124
1 417 331
1 525 41
1 176 105
1 172 432
1 563 466
1 219 504
0 415 493
1 67 423
0 475 144
1 131 481
1 236 177
1 112 284
1 255 580
1 298 297
1 177 463
1 203 338
1 451 332
1 229 326
1 194 42
1 471 239
1 49 296
1 187 130
1 525 280
1 477 432
1 23 442
1 530 591
1 469 263
1 88 265
1 383 417
0 219 44
0 389 540
1 200 120
1 275 409
0 182 220
1 516 158
1 49 8
1 214 368
1 27 173
0 409 435
1 412 571
1 70 541
1 399 289
1 405 20
0 262 546
0 136 527
0 237 530
0 305 60
1 331 399
0 418 393
1 233 219
1 172 174
0 221 304
1 538 16
1 362 62
0 464 148
1 592 241
1 106 184
1 273 396
0 197 441
0 287 63
1 483 422
1 278 243
0 246 265
0 549 79
1 397 490
1 504 40
0 92 364
0 469 512
1 57 131
1 57 192
1 78 587
1 430 231
1 88 468
1 119 110
1 64 477
0 236 422
1 72 61
0 342 301
1 561 317
0 21 334
0 471 428
1 114 331
1 465 159
0 21 85
0 402 112
0 73 150
1 173 107
1 519 409
1 110 154
1 440 92
1 210 444
1 592 255
1 159 63
1 386 113
1 526 230
1 272 365
1 488 138
1 288 215
1 222 238
0 527 103
1 386 540
1 336 399
0 525 156
1 37 173
0 195 71
1 22 180
1 149 72
1 73 4
1 185 109
0 298 496
1 447 520
1 83 100
0 101 49
1 409 157
1 497 219
0 352 494
1 161 69
0 178 274
1 529 205
0 340 286
0 329 67
0 111 366
1 481 264
1 480 180
0 10 300
1 217 126
1 451 472
1 290 464
1 436 470
1 448 524
1 313 138
1 367 69
1 521 295
1 485 12
1 465 225
1 474 375
0 115 81
1 133 184
1 254 372
1 200 256
1 378 375
1 126 120
1 120 79
1 462 58
1 381 28
1 308 307
0 531 223
1 325 298
0 370 407
1 192 240
1 258 85
1 398 80
0 391 377
1 98 193
0 137 262
1 476 220
1 309 295
1 76 248
0 175 156
0 37 422
1 299 325
0 510 418
1 62 122
1 386 197
1 383 551
1 50 500
1 176 22
1 303 558
1 316 411
1 133 243
1 118 136
0 184 203
1 218 322
0 420 165
1 73 449
1 44 442
1 370 325
0 496 365
1 561 171
1 264 249
0 487 106
0 344 216
1 394 543
1 178 454
1 193 129
1 436 270
0 266 524
1 532 418
0 420 380
1 397 45
1 402 329
1 332 481
0 32 539
1 376 277
1 226 484
1 96 563
0 304 315
0 572 180
0 435 350
1 31 289
1 107 532
1 424 356
1 387 293
0 447 86
1 589 483
0 179 540
1 174 106
1 140 192
1 296 358
1 267 470
0 40 576
1 218 310
0 162 398
0 119 360
1 575 382
1 176 69
1 104 102
0 358 158
0 307 512
1 148 260
0 373 289
1 130 133
1 489 583
1 163 346
1 359 330
0 98 27
1 374 324
1 50 592
1 209 418
1 38 507
1 577 241
1 195 393
1 219 583
1 45 560
0 437 249
1 242 15
0 300 126
0 288 387
1 150 259
1 202 570
0 356 71
1 395 546
1 42 388
0 327 122
0 185 505
1 533 517
0 282 407
1 185 33
0 344 498
1 263 376
0 483 393
0 546 36
1 31 359
1 533 379
1 85 202
1 162 508
1 554 145
1 298 557
0 240 276
1 362 310
1 514 476
1 126 425
0 391 84
1 356 9
0 312 130
1 116 85
